4.343556862953824371e+00
3.783662742312109195e+00
3.417307062150396479e+00
3.424208106010975694e+00
3.335572144231597314e+00
3.959025057974287165e+00
4.459224671889057134e+00
3.943188397908388154e+00
3.256705127140394396e+00
4.393105028718324867e+00
3.504185392044128378e+00
4.782684494468350422e+00
3.779926147125875602e+00
3.787862824521119443e+00
3.832265903844783494e+00
2.278204686016993108e+00
2.514285033705358607e+00
2.898876608448342829e+00
5.473646336918317701e+00
3.796417950742703606e+00
3.258860979700605398e+00
2.778605102222305945e+00
4.738122850425995125e+00
5.266416386266885574e+00
4.321738482370545142e+00
4.150750553387399400e+00
4.345951608013387535e+00
5.508385008793935889e+00
2.088409226004914743e+00
3.164350324775882406e+00
3.659896488379479784e+00
4.001613059527433514e+00
4.244135841883159621e+00
5.601522863310201217e+00
3.599028833206277866e+00
3.284191433329998855e+00
4.867416646988966811e+00
5.548814426794121069e+00
3.420364716605582167e+00
3.693046497115717308e+00
4.374593346929867899e+00
3.287127939269558929e+00
4.119956429709342061e+00
2.419332291921823863e+00
4.002014421526645549e+00
4.794073410363447252e+00
3.529272682317022625e+00
6.044517390050439865e+00
3.297257628917888095e+00
2.956998617615774538e+00
3.727490366203199734e+00
5.847189217280816642e+00
4.159854749193549139e+00
3.382858958548859984e+00
4.300090307242260934e+00
3.842512637658789032e+00
5.019920787487840208e+00
4.706742335009873379e+00
5.740419267636959866e+00
3.058933814760624870e+00
6.124991988544321586e+00
3.512584847753100536e+00
4.317027028655747500e+00
2.063891804505606498e+00
3.828431916726316331e+00
3.857235985174514603e+00
4.932767143213625971e+00
3.913289730008730150e+00
4.780680555849984081e+00
4.007736535649383924e+00
4.518836054859529661e+00
2.872727968140306842e+00
4.862438727657308668e+00
5.315192414584783975e+00
4.645160465155788287e+00
3.498670942623214319e+00
3.844650335350201953e+00
2.804764926489604182e+00
4.476297699011907660e+00
4.679035877017218681e+00
3.386635790112071387e+00
4.543799538864887744e+00
4.231286889035149379e+00
4.182854853209098778e+00
5.019198231277367306e+00
4.369930807583973120e+00
5.771089485651325290e+00
4.441624740718685516e+00
6.297399264705648037e+00
5.941269915469600704e+00
4.031548842574217417e+00
4.068768618016245675e+00
3.069275584108233090e+00
4.457470561566271527e+00
5.118247818801386018e+00
3.396803597593110791e+00
5.125210131476277908e+00
3.930719860938921784e+00
5.195126299473587395e+00
4.152164126894680507e+00
3.343252907057627787e+00
5.326602927980745861e+00
4.422996436878891657e+00
2.563875853706590657e+00
2.932530584839519783e+00
3.892867531113337609e+00
2.083845459855335314e+00
4.546637897575979359e+00
3.668203263972220185e+00
2.671419947090702074e+00
4.703570126510058458e+00
5.555642115459201946e+00
5.013038896524122379e+00
5.025596289960622798e+00
3.022347310154004596e+00
3.386540915872509050e+00
1.362936480504516989e+00
3.326802608352062762e+00
3.311845388368025667e+00
5.255336487883635499e+00
3.571007920763967114e+00
3.325394310123487074e+00
2.329320642828787591e+00
3.859694034221370806e+00
4.162257245944977591e+00
3.159435468187648866e+00
4.791793643935537084e+00
4.972305028416965200e+00
6.269375957805925381e+00
2.033849239969742317e+00
3.209391865015419842e+00
4.708133412688793484e+00
3.146264044395386428e+00
3.717515380257119695e+00
6.310253362739167038e+00
2.663555737011468416e+00
4.634149324203514553e+00
4.027091849960120484e+00
5.449077668319311840e+00
3.307109741713642581e+00
5.675642479047354527e+00
5.157215287510167556e+00
3.342377422106193485e+00
3.315288323245888513e+00
4.993495697380660125e+00
3.588579163956976181e+00
4.236064517332957635e+00
4.014728267514231064e+00
4.983029933371678766e+00
3.949493328672227133e+00
4.211012772916110869e+00
4.162876174677911045e+00
3.137585161642410636e+00
3.991804031980459744e+00
3.915690598561027080e+00
3.499019760354807218e+00
4.518323757329504531e+00
2.152884621676937726e+00
5.146545908943597425e+00
3.983012077135234197e+00
3.337118740260446081e+00
2.864695656300869420e+00
5.349459468388747752e+00
4.640312963581067152e+00
5.086061725310838888e+00
2.610871603116714290e+00
4.574768679689592332e+00
4.892852197626849531e+00
5.528663837468114295e+00
4.839328112987780983e+00
3.492927852423389989e+00
3.323757475887434865e+00
5.339425683685035118e+00
4.540590357471901761e+00
5.014380701838254240e+00
2.193510543032514803e+00
4.621735736172842834e+00
3.315924961614482580e+00
5.308994547309460188e+00
4.770072115019422299e+00
3.760406302288274549e+00
3.922134832400866244e+00
3.865190552230929999e+00
4.441547668200053423e+00
2.194439200016323532e+00
4.786532902401594569e+00
2.911755890538793690e+00
3.548944142637502352e+00
4.423309625966277636e+00
5.814582016058951197e+00
4.288830130799496487e+00
3.058906403802469143e+00
3.443626543614616509e+00
3.611837568523934117e+00
4.449769754843407199e+00
2.734002269443851496e+00
3.550313204578745108e+00
5.405993573682061459e+00
5.024605421969543073e+00
2.884697938759148705e+00
2.637590736187419793e+00
5.774904777703423697e+00
3.356074733511719366e+00
3.264985773036178429e+00
2.480053390201365282e+00
4.176452766108356585e+00
3.766808537282638980e+00
1.822202536939377282e+00
4.513647883441731956e+00
3.838105138473101530e+00
4.612033370505448815e+00
5.717391697907148185e+00
3.518696905834037825e+00
5.481537294981951192e+00
1.147406563982246830e+00
3.700630730415530145e+00
4.728734700341020947e+00
4.162277691214280040e+00
5.299195927489161129e+00
6.595859697370413777e+00
4.142567816182956442e+00
4.160027173545357115e+00
2.950117569182187260e+00
5.279990535998331680e+00
3.754026292338522808e+00
4.267884287804550425e+00
2.983831665223474428e+00
2.697734327331460236e+00
2.447501282513155019e+00
4.008024530647638528e+00
2.783603900645288398e+00
4.767134655278136179e+00
4.880140438081280507e+00
3.025664785423537673e+00
2.750055952254264469e+00
3.950850734267566722e+00
3.922356776122275956e+00
3.797764683491546833e+00
3.229185375993270490e+00
2.112069089572659042e+00
3.502044803529331674e+00
4.178992405163705293e+00
3.828398070665539610e+00
6.089387873418178110e+00
3.314473055921128619e+00
3.256526311509603033e+00
2.654364267512656639e+00
3.924419490184777093e+00
3.881896386828635581e+00
4.374429349771850717e+00
4.841276226615823575e+00
3.321233429919582925e+00
4.188826684688248037e+00
2.388130826173735066e+00
4.957313166097055301e+00
3.875538338465447374e+00
4.979349460873130795e+00
4.439483497057775452e+00
4.489398561029457113e+00
4.373386574573987495e+00
5.295200708027296699e+00
4.339270984982234403e+00
3.405423150111921426e+00
5.481398862762480562e+00
2.916554576544561961e+00
4.671505435840349385e+00
5.442469075967584224e+00
3.250341380912676215e+00
4.373819575167070539e+00
4.003833137366605399e+00
2.793097889451729543e+00
3.497420347987570288e+00
4.162217984359209311e+00
2.489011829236515982e+00
5.464343753196689413e+00
4.992021363800379419e+00
3.233616897243681620e+00
3.855656111267026454e+00
6.337088534470113999e+00
4.641745321220269282e+00
3.718699782451372116e+00
3.784067729150979442e+00
4.332954273199334239e+00
4.380646520972404367e+00
3.555843193080984399e+00
4.501905502695206174e+00
4.378033425140841928e+00
1.935359599506434325e+00
5.811472393402416614e+00
5.267814404785600146e+00
3.264701119936569640e+00
4.340937479609884520e+00
3.814252001963529537e+00
4.165416262356125721e+00
3.642029245528609849e+00
3.961127121573869925e+00
2.376595197443708063e+00
4.698292044977476323e+00
3.662311266924725306e+00
4.329949543124858913e+00
5.159392894048469458e+00
3.414188585012584820e+00
5.633690957191184623e+00
4.002007853910646951e+00
3.413857822691807264e+00
3.866070299636886531e+00
2.092777509477198095e+00
4.143648780417193755e+00
4.891366267132152501e+00
4.282234105709511240e+00
4.536816780428726936e+00
5.166367128722345825e+00
3.515983216704323233e+00
4.050091065014382430e+00
3.231459411803367932e+00
2.849805161908438578e+00
3.507753710143284742e+00
4.231124297001216839e+00
5.178275137993254340e+00
3.607765299780673285e+00
3.094710189375287079e+00
3.119407957061596903e+00
3.071033691449922554e+00
3.424679284291306303e+00
3.618631314737093874e+00
5.097424830270126606e+00
3.110524291375614592e+00
4.478311573168335613e+00
5.621943441433050026e+00
2.107974686188738733e+00
3.598970203038131643e+00
5.673207338184595550e+00
4.357494796760806643e+00
4.565333187271835236e+00
3.336108355613248033e+00
4.089774923210828916e+00
5.661893993046740903e+00
3.420248251552848284e+00
5.284705986781211173e+00
3.613345477694380747e+00
2.517648499847124910e+00
4.229840436094828071e+00
5.577425099477521186e+00
4.135780351374618746e+00
4.768735186412421889e+00
3.308132576299108951e+00
4.718556660659791291e+00
2.862436093426764305e+00
4.988717092147904708e+00
4.622457760902100254e+00
3.237513259613372885e+00
3.007839366714550433e+00
3.424298028164217467e+00
4.825378243217272711e+00
3.023223948888879242e+00
4.802714310382421026e+00
5.583984147203728376e+00
3.863373977124562764e+00
6.342531315131793690e+00
3.906110195879124891e+00
4.432374730785353378e+00
4.608874801853048986e+00
4.674576611793844094e+00
5.151671616575528745e+00
3.897818365558150866e+00
4.896153017724392598e+00
4.503695731965299487e+00
4.447513347025601860e+00
3.518545559196938122e+00
6.210408967354323906e+00
4.230759700586675720e+00
3.048969029943887854e+00
4.200944761571950181e+00
4.010351267464624669e+00
3.864775369640100600e+00
4.242167542494183152e+00
4.879371719585348544e+00
4.082311612889641061e+00
2.600833283847267197e+00
3.623066212707520162e+00
4.199794538706060898e+00
3.268560386526245587e+00
3.303650737420698036e+00
4.611761968060363870e+00
3.566449085911133299e+00
5.432287125858543675e+00
4.187373289904115836e+00
2.236437217459760873e+00
3.400730244834450300e+00
5.086834193704413032e+00
3.898097134930878838e+00
4.066729870693609250e+00
4.590915481171220947e+00
4.486513888995843580e+00
3.800101190723895517e+00
3.708857642253213349e+00
2.885588717322280061e+00
5.331389600384782490e+00
6.687850468270041482e+00
5.658111792492816150e+00
2.133983904679183752e+00
5.851405647006203026e+00
2.803273237970011600e+00
3.403612085777227847e+00
4.296353291946502395e+00
2.908037682223942877e+00
4.645791843566957624e+00
3.062994629190763263e+00
4.300666940822770457e+00
4.253025289431359823e+00
3.907627070365608635e+00
4.626243698936778337e+00
5.131394816533425107e+00
5.913801817250467607e+00
5.257531866392501030e+00
4.580664854228546190e+00
4.414391853643340191e+00
4.466679359793804593e+00
5.365425382825710798e+00
3.127531586503951022e+00
3.830738340428216482e+00
2.989649051110375488e+00
4.861637983691455389e+00
5.879169248351523436e+00
4.333774750233319040e+00
3.415275968324589684e+00
3.083890708124548574e+00
4.254574613470667899e+00
5.835538029604962595e+00
2.087176844339344584e+00
3.495598328313088032e+00
4.691297281301737954e+00
3.010975293586093837e+00
4.702982787841932577e+00
3.170820225335606146e+00
4.586730617701621604e+00
2.707044996905080936e+00
4.675479676518066618e+00
2.864884992263488250e+00
2.771608793493777423e+00
2.585589993060468217e+00
4.036525697946530045e+00
2.293176687019552240e+00
3.107122646826236512e+00
3.693981606578453203e+00
3.562034006876710013e+00
4.964960585287053974e+00
5.915864369885538210e+00
3.551681265439378787e+00
4.573392359556413211e+00
2.874725194964075303e+00
4.333224176769772562e+00
3.197357312241900562e+00
4.170172763729740772e+00
4.680701269457824054e+00
5.355663562438797598e+00
4.636603342061735411e+00
4.197931208412430060e+00
4.252028886710448319e+00
2.311639034530256875e+00
6.482595397208009480e+00
3.450497420612996802e+00
2.694642863247896258e+00
4.593155905534411332e+00
3.549948616519207345e+00
4.490455085451704242e+00
4.407315976947426606e+00
3.974253305200710962e+00
2.870126662800976725e+00
4.283061673587090112e+00
3.643220904975243535e+00
4.682884493076730159e+00
2.908406114612685833e+00
5.502528222322722762e+00
4.599706941269432470e+00
3.796723812638482354e+00
4.349851119980180592e+00
4.490495115969025619e+00
4.214530380567198087e+00
3.960379802459530030e+00
4.146100953300037695e+00
2.371361454652784584e+00
2.860827852755931211e+00
3.252565009377736960e+00
3.736081869679607426e+00
3.164658911771221383e+00
3.134996121796344237e+00
5.736910874736665278e+00
4.604333119642211258e+00
5.472786466091950963e+00
4.581989225780434438e+00
6.155182134637989577e+00
2.971181786291337001e+00
5.161787855248961776e+00
3.106832743780641781e+00
4.622154756124410291e+00
2.568856898346442819e+00
4.125010790124322924e+00
5.012481455844423728e+00
4.618688606534785634e+00
4.924074063645469401e+00
3.267318271191800072e+00
4.581328584845385521e+00
3.171390749637489126e+00
3.845853039017384845e+00
3.755185857924849380e+00
6.162287858821426489e+00
5.620087327463287430e+00
4.823237369535849695e+00
3.969807249067164534e+00
5.102467712099921116e+00
2.845991948789734494e+00
4.913154358179422587e+00
3.122814071289157223e+00
3.410655200482425098e+00
4.894655955283658599e+00
4.168265499830305920e+00
2.992001383085515887e+00
4.211955084070887700e+00
2.930371176866958027e+00
4.427524308236733930e+00
6.065528406436014208e+00
4.288057324370557311e+00
6.514459911405078074e+00
6.040953852562044091e+00
2.502369043696273998e+00
2.258185532118545780e+00
4.030825039093067552e+00
4.792936882872246507e+00
4.003987107988394634e+00
3.390265977465922287e+00
4.465566819190489589e+00
4.339439377197916059e+00
5.150901883202309683e+00
2.926104716683858520e+00
3.730083456756189797e+00
4.161096954230261602e+00
4.475274832879093445e+00
3.828373909497499561e+00
4.255978388204694873e+00
3.655188500970531162e+00
3.099236367057089048e+00
4.821569760295419727e+00
5.047858126172697801e+00
6.188561509461186105e+00
4.974563207231152973e+00
4.186896688908514186e+00
4.044423404138604461e+00
4.527987340177916487e+00
5.442604622602475573e+00
4.635583179927714070e+00
3.571036686795294735e+00
4.336242046322650978e+00
6.690150113445737290e+00
3.039328749864056434e+00
3.810678733579081712e+00
3.169617393578671116e+00
3.450848596788681721e+00
4.077423552003874185e+00
3.378475341050402037e+00
3.272340265471960663e+00
3.926254100329130914e+00
4.224177514189602078e+00
4.974538119591114693e+00
4.385249341240222698e+00
6.384344563176208354e+00
4.474761693082507819e+00
4.140043860541051224e+00
3.099151907609193124e+00
4.295895811277245180e+00
2.420264381294390255e+00
3.484426790257210360e+00
4.003091643386905929e+00
2.484363105252964665e+00
3.898182801836580946e+00
5.676576570497466889e+00
4.172368043732741505e+00
5.424672446936127379e+00
4.098415904268447818e+00
3.965010575598774345e+00
3.786657283978453137e+00
4.347940379288183443e+00
5.517552725700348937e+00
3.873007284192388155e+00
4.511029250776578792e+00
3.468337069455487587e+00
3.801864799785616089e+00
4.793803874253356412e+00
3.510337612808692498e+00
5.249673710939973148e+00
3.553820034557128249e+00
4.773371880488627816e+00
4.466858686129477007e+00
4.646560761232502834e+00
1.968686707973746675e+00
4.003885823151913215e+00
2.649342539579303324e+00
3.489499190960286157e+00
2.716449936338527493e+00
4.570806833148158610e+00
4.773132853874883175e+00
3.928956414741469061e+00
2.717973326464766082e+00
4.276932267261608800e+00
5.047505432047512564e+00
6.203751970407864746e+00
4.669177831104416754e+00
5.772063453665961852e+00
4.321625364328385288e+00
3.873595342911965389e+00
2.851785390752536564e+00
3.505106743846763351e+00
3.803705664280926158e+00
4.751617601371932231e+00
4.283841077686369125e+00
6.657577744748874871e+00
3.471478779386430347e+00
4.318806745050928875e+00
4.693840908148026791e+00
3.719662026120862830e+00
4.235352280641721201e+00
3.217588456402740604e+00
6.329098210200955421e+00
3.941278090565146996e+00
4.193545306501094139e+00
4.396568205900408977e+00
3.580060556478086742e+00
4.660446026599391445e+00
3.530826345043220016e+00
4.963501009495390193e+00
4.245205832196964124e+00
1.955821982964572214e+00
4.948367093213119183e+00
4.254561884543376138e+00
5.328367251447558850e+00
4.499951198402538211e+00
4.674412022368869657e+00
4.992107997713945089e+00
3.049333730457393088e+00
4.120492182107746260e+00
4.346592475292583302e+00
1.420151985221692392e+00
4.837243817410564972e+00
4.425660342146029436e+00
1.926556645815668212e+00
5.073151615122697855e+00
3.451260074092041830e+00
3.964092483519719767e+00
3.779169392539965866e+00
4.182219763991843919e+00
2.583195240464664089e+00
4.073274793812940331e+00
3.275125054753315279e+00
3.839747398156797331e+00
6.349010437471691581e+00
5.868433076361686318e+00
4.587706630896881244e+00
3.202427628006671689e+00
4.412882614642851031e+00
2.972364701312405710e+00
4.205367313126867401e+00
3.257266819421786419e+00
4.027451480799703276e+00
3.370855237821619443e+00
2.786320745131418697e+00
3.196918889660993024e+00
3.226954041208108137e+00
4.682853502535843759e+00
3.423573200859542975e+00
5.486989040853689659e+00
3.942026820564967338e+00
4.219175660323871924e+00
5.987151964787658542e+00
5.781193112067294138e+00
4.048571760973860734e+00
3.062654880922782930e+00
4.792308954608406779e+00
4.752594537448744383e+00
3.881133977903007626e+00
3.477932458110334579e+00
3.790932858597636290e+00
4.146954185972115958e+00
2.875327435212249316e+00
2.565086800145121693e+00
3.157431342183775413e+00
3.013109910025844052e+00
4.855873345482564218e+00
4.872888519431351817e+00
3.093237656641428579e+00
2.955359068014012269e+00
4.405543875293006728e+00
3.889835986623627395e+00
2.576281639706172744e+00
3.832586178966538526e+00
2.918367088100494389e+00
4.722084501126735390e+00
5.823013629651953238e+00
3.332737749754053347e+00
4.105241393570207897e+00
3.837845572193253840e+00
4.797489052118211639e+00
4.867781984083621616e+00
5.426393802759705842e+00
3.961312541971247381e+00
5.486813894724960505e+00
4.496306562642320870e+00
4.715693750258273198e+00
5.079983990841326680e+00
4.477094291767325096e+00
4.139377706366625276e+00
4.536462026281777860e+00
4.156659388607143235e+00
3.804251678643938206e+00
5.879505915234283009e+00
4.142296449710117123e+00
3.043375723868144700e+00
5.340891944216583198e+00
5.208611284775777506e+00
5.355729808102214662e+00
1.860956644138980653e+00
4.564601922449352145e+00
4.509491049576359600e+00
4.490675193804262832e+00
4.030167898322009279e+00
5.052267163349456247e+00
3.407171971630356566e+00
4.581872912841002510e+00
4.022688359558347138e+00
3.114744902472924792e+00
4.272081202151682966e+00
4.344296467397823491e+00
3.092360219238407204e+00
2.097571729121057604e+00
4.228663302135897695e+00
2.918934614092451252e+00
4.844205568190577793e+00
4.044078331760672107e+00
3.196684950782253232e+00
4.517170843243343725e+00
6.979089337891037914e+00
5.351675578162659264e+00
4.972298946266946018e+00
3.658249505596063322e+00
4.616208446302305646e+00
5.402719125597964300e+00
4.225781523614695168e+00
2.881950910659062171e+00
5.328944181747325537e+00
3.213277559293673757e+00
1.930495335151062974e+00
3.767492746419585536e+00
3.425352558667928982e+00
4.857232804765352796e+00
3.791773401556457035e+00
3.495315115725426747e+00
2.510347370280649137e+00
2.555135289522003639e+00
4.238724681299741448e+00
2.511034492307251398e+00
5.030064162445724740e+00
3.976075201995120878e+00
4.667979833523367539e+00
5.471640332346047408e+00
3.537029067171586050e+00
4.280635579307707772e+00
3.075039863734466472e+00
3.033682556485947757e+00
4.470086191667721032e+00
4.490974907283833417e+00
2.652500223919730615e+00
5.404996629182997836e+00
5.960542074392567891e+00
3.968676269169855164e+00
3.640677990610566184e+00
3.551583197261733993e+00
4.113897530568535466e+00
4.005845271201758706e+00
4.292970766112071956e+00
3.727072240655326940e+00
3.892013468458209058e+00
4.017412253764134356e+00
4.286090450919095574e+00
2.210750373687362380e+00
5.591805940936415809e+00
3.391769017255682250e+00
4.474613789022172661e+00
3.752228527915710821e+00
3.884288835939289974e+00
4.305004216309034071e+00
3.714511353635016722e+00
3.521680174644909567e+00
4.016650443015823413e+00
4.495138503329137336e+00
3.635824522583479990e+00
5.276953502784706984e+00
4.485142442139943064e+00
3.143608240385975972e+00
4.434784310132808827e+00
3.623421811264198933e+00
3.613076527356926526e+00
4.400641526405570048e+00
5.022143412562014575e+00
5.226741923212490093e+00
2.602199694020865817e+00
5.321224950171787427e+00
3.868769457887838659e+00
3.099471405510685340e+00
3.406988004986896801e+00
3.984948988710309781e+00
3.482736792523073888e+00
4.636275561845390136e+00
5.179005118623439152e+00
4.309121824477387008e+00
4.160240472415571489e+00
3.615548106208555268e+00
3.544782752408238036e+00
5.290195612842943262e+00
6.273435420147061237e+00
2.330183710874634606e+00
2.166115800513273904e+00
2.678618770219895140e+00
3.511274314247584183e+00
4.842948759456916719e+00
3.567829461101458932e+00
5.223190272433347658e+00
5.256427760213361111e+00
4.844354325849241860e+00
3.561492487060133438e+00
5.218984290491381017e+00
5.011255644311161994e+00
4.446331243970250036e+00
3.629054828414210565e+00
1.554482911008082890e+00
4.858304997643812406e+00
4.612828566225666727e+00
5.687606687648892212e+00
4.922459877122218330e+00
4.456837801683326994e+00
4.914117685713704553e+00
5.267022061906028618e+00
4.114359975799691149e+00
3.313673868173782733e+00
4.626037550999163805e+00
4.679909846774098270e+00
4.108047248630877668e+00
5.534159768454696149e+00
3.204112392289502509e+00
4.654536580481833496e+00
3.561356711936806363e+00
3.001320282827161456e+00
3.638666747104601029e+00
3.927889943587096866e+00
4.225657508482362879e+00
3.987243730747384696e+00
4.908942729082758305e+00
4.351496262736437970e+00
4.904458937616970715e+00
4.341203971408828188e+00
4.506618109328135446e+00
4.524230542133152788e+00
2.504157830548918717e+00
3.842062438021605519e+00
5.372871341481619822e+00
2.540234709884728659e+00
6.254566769835980367e+00
4.372322022767863636e+00
4.914865195259892516e+00
4.439569671116285754e+00
4.918979673056063540e+00
4.733074386024618718e+00
2.692557133519615231e+00
3.937988555546099168e+00
2.952123113181903236e+00
4.671369516984446690e+00
3.178134389032882812e+00
3.637420850079685852e+00
4.523898873295238765e+00
3.823089456151775423e+00
4.646455074730736712e+00
3.937215379353235623e+00
3.753956137825482209e+00
3.253243709869463096e+00
3.972569366169201643e+00
4.204254421773136130e+00
1.725438622129324973e+00
5.805882286001789794e+00
4.004938016593634131e+00
3.787061450211036018e+00
4.868469630299697926e+00
5.050220044613076276e+00
3.500770721205372915e+00
3.355149613210126613e+00
3.118323079314422319e+00
4.512379269572436513e+00
5.190115415704628532e+00
5.044580613466019159e+00
4.269739776249782182e+00
3.414787520706513479e+00
3.254405600924055619e+00
5.774762890846250940e+00
5.284643547354864523e+00
5.018613677868977163e+00
4.002576871296110284e+00
4.950300542598929709e+00
5.807884723862668963e+00
2.497565298960673363e+00
4.954940856142242112e+00
5.771826499733219151e+00
4.580525186339208688e+00
4.572965613137325747e+00
3.528535724454215483e+00
4.640381616814193144e+00
5.343341829428752909e+00
3.120845553364586245e+00
3.629672373799494700e+00
4.393107322713606600e+00
5.553097066333054777e+00
4.734786404166643869e+00
3.654084426504050409e+00
4.236531829717252506e+00
4.210878801165186758e+00
4.526229919471726149e+00
5.145144120826897982e+00
3.312321798161797837e+00
4.523505479357526227e+00
2.972222161357271908e+00
4.230421059003291795e+00
2.197080128148756195e+00
3.952431755648845080e+00
5.290505749041496841e+00
2.712425083961925942e+00
5.224146468006690469e+00
5.015554958443216194e+00
4.525759603676262621e+00
2.324302012425870423e+00
3.993011211397430760e+00
4.781029629241143830e+00
6.739637057045332114e+00
3.398060992921505097e+00
4.844820024575950512e+00
3.056439903609804887e+00
4.344614435317464718e+00
4.581989989153975706e+00
3.333082663908407905e+00
2.002597619482851421e+00
4.800739888659345311e+00
4.721244655427385695e+00
4.162906080016384180e+00
4.036532755989352239e+00
5.792084365705296278e+00
3.659910035699598385e+00
4.395920438703549316e+00
4.346586175568617705e+00
4.243914535049520431e+00
4.170553489837647732e+00
5.681227903020005243e+00
4.184809464637866405e+00
3.316564807006051385e+00
4.273833182697654998e+00
2.297111891539466377e+00
4.788149310488693189e+00
3.422364058232529871e+00
4.603444403889569436e+00
3.724430092152037908e+00
5.408077208012864290e+00
3.667296085355062463e+00
3.262782669139717040e+00
2.659326341360219281e+00
4.731085334707566759e+00
4.198556010688621498e+00
3.994300996097543077e+00
5.918730948789454160e+00
2.548959093451181435e+00
3.250584946547801835e+00
3.730100258133155045e+00
3.655956752542714572e+00
3.711710330695637161e+00
3.140028321593465677e+00
2.796874247291585736e+00
3.109395924739542849e+00
4.000579183599029420e+00
3.962516521364665589e+00
5.201573685214728293e+00
4.026989177327809699e+00
2.677218134873707189e+00
2.529647885774695126e+00
2.888403754641026833e+00
5.179038887555556414e+00
6.145197310034710370e+00
2.657562651088194894e+00
2.374180189908877914e+00
3.320365857212167260e+00
1.781917007007759235e+00
6.655081084616630172e+00
3.566042740320761517e+00
5.011704791535800396e+00
4.920358955704364767e+00
4.512564394717175631e+00
3.295687389861766459e+00
4.473216872228110930e+00
