1.812429114150593250e+02
2.516025750744518064e+02
1.752872395072730001e+02
2.867912293165185247e+02
1.774041009345721704e+02
3.068371557145360384e+02
2.426791491728002939e+02
1.841925558210459997e+02
1.562601331112111609e+02
1.726857712512044145e+02
1.965249585888491595e+02
2.792801853950762165e+02
1.525544923617603672e+02
2.610968996134484428e+02
8.787885310635937230e+01
1.861845080609261061e+02
2.394116292435731168e+02
1.860062989242585729e+02
2.748584990298618322e+02
2.512818800516866986e+02
1.089648852323924189e+02
1.580844541832950370e+02
2.543273107919479799e+02
2.219148090714915895e+02
1.127522818956804684e+02
2.031930398272506579e+02
1.699840852199480423e+02
2.471802685315106487e+02
2.239764729116353976e+02
2.176154944301566161e+02
2.114949750460841358e+02
2.354746232748151726e+02
2.229855175526587914e+02
2.476002374358504028e+02
2.886631017436167781e+02
2.899706128328866157e+02
1.860440714174487198e+02
1.906457470142524926e+02
1.690953975679030350e+02
2.674549761326657631e+02
2.526544403462296202e+02
2.408922096633191927e+02
2.939916487907673854e+02
1.983693307590120867e+02
1.872206416911988356e+02
1.673633907966601839e+02
1.860787536559934949e+02
3.270467674287755813e+02
2.151249504597355724e+02
1.857135540712925206e+02
1.824702842087765191e+02
2.276048724858783316e+02
1.666482866858560783e+02
3.762971708577296113e+02
1.283236761472729768e+02
2.291184393513951818e+02
2.665905885028263924e+02
3.166490750422987617e+02
1.674738884731518169e+02
2.439542780608171597e+02
1.340899388269090764e+02
2.330207907740928022e+02
2.725539814935904133e+02
1.303198683446852897e+02
2.803101522530169518e+02
1.422888291815805815e+02
1.941373650350039952e+02
3.452645162050795875e+02
2.310337131913500173e+02
2.354105838439956244e+02
2.140726702454853694e+02
1.953984874896137853e+02
2.485200557298427952e+02
1.386973745911503784e+02
2.298208870086755837e+02
1.933176351685337409e+02
3.163052286592073870e+02
3.739348718259558950e+02
2.791712813311513059e+02
3.190822469423499115e+02
2.987158867086941996e+02
2.790465495514323493e+02
2.148774351820339632e+02
3.043983359688661494e+02
2.643247898060558327e+02
1.803464458986402974e+02
1.973151770020041056e+02
1.851455593836540174e+02
2.396827875644302424e+02
2.356227355967852759e+02
1.772795355434114981e+02
1.941977023850803903e+02
2.428867861554493857e+02
1.944875515327501319e+02
1.994545244206789221e+02
2.006058722098202907e+02
1.174311864467082245e+02
2.168847921366428864e+02
1.789040587362230212e+02
2.973804494260730280e+02
2.882810323891677058e+02
2.304065778467357006e+02
3.889879548703032697e+02
1.493072972017406812e+02
3.056604886915020529e+02
1.406853165399413683e+02
3.600365139167994357e+02
2.344846916931755345e+02
2.381516619191431801e+02
2.878842738173344742e+02
1.120659184657649377e+02
2.687143018875513576e+02
2.810422700261263458e+02
2.867154172988778669e+02
1.599485487946130320e+02
1.876207190069265494e+02
2.490517204926771626e+02
1.963358734811177442e+02
2.936009276110130486e+02
2.117495292147656016e+02
3.553097865158450759e+02
3.211993968941006301e+02
2.068041021754062854e+02
1.430565408343826448e+02
2.298531865480406964e+02
7.450861184296437045e+01
2.529996786680914340e+02
1.831488745325800664e+02
1.925999898078046613e+02
1.721770322458723967e+02
1.841158640764531071e+02
2.822933716650792917e+02
2.267684641302102193e+02
2.162522306534536938e+02
1.607116677314367621e+02
2.390245964587515743e+02
1.959614905246376964e+02
2.952463389878938642e+02
1.263070363228286368e+02
2.269604429027307333e+02
2.551530225362185433e+02
1.696453179995494907e+02
2.067580297195044352e+02
2.241078313454795818e+02
1.476010021610919125e+02
2.650800100106934565e+02
2.227551603793891957e+02
1.305231517683873221e+02
2.661406267999756778e+02
1.231119400549763441e+02
2.580179665585671387e+02
2.239935973593831875e+02
1.513481264854158326e+02
1.361618355140931840e+02
3.199596828212277160e+02
1.511619852021041197e+02
2.045578789523154626e+02
2.400382624522833339e+02
1.602624600135453647e+02
2.402362753898871119e+02
2.114151965630058214e+02
1.847219366171441948e+02
1.912218369252659613e+02
2.553921922850141755e+02
1.967862600110836411e+02
2.546314789811520711e+02
1.382327431643403202e+02
1.782773184884465536e+02
2.638379398326884484e+02
2.391825259256210927e+02
2.425542128751160931e+02
2.979357803123511417e+02
1.558267190194982277e+02
2.640150186755477080e+02
2.352784737481343313e+02
2.694875136178158073e+02
2.605644695456812769e+02
2.388409171419674806e+02
1.910269784786119942e+02
1.770161827322903889e+02
1.765069274243515451e+02
1.892567823359618728e+02
2.261393323861322244e+02
2.034227931822672986e+02
2.483638218212647359e+02
2.432014225845719579e+02
3.930779002443486547e+02
2.178478488563324618e+02
2.058259895457256619e+02
1.743694467565071022e+02
2.555559156550230568e+02
2.213241907669406316e+02
3.217645278881517470e+02
2.717745998757037569e+02
1.374127064641816673e+02
1.847884113676378490e+02
2.003008702206523139e+02
2.034524287386289814e+02
1.656743445755730875e+02
1.451911403813838604e+02
2.425726820991267800e+02
2.943175745541632864e+02
2.498813065031378926e+02
2.663534484865637069e+02
1.801686055694330548e+02
2.608018051125100669e+02
1.812548673159657255e+02
2.168693513056301185e+02
2.368420552051694585e+02
2.279468569279267456e+02
2.389306026172578470e+02
2.783353802449986460e+02
2.593849085847508036e+02
3.582966124868902398e+02
1.948190765760766681e+02
2.138561493616514610e+02
2.620058599635756309e+02
2.552625251000209232e+02
2.295728039096223085e+02
2.159275795350049236e+02
2.609130539015014847e+02
2.645646310675135737e+02
2.426416020959183584e+02
9.162140274886432678e+01
2.174152993618427558e+02
2.471249677656734605e+02
3.047093757205828979e+02
2.010004612462356022e+02
2.488086543594346836e+02
1.855907422168652374e+02
1.763956163183821104e+02
2.211039597918012873e+02
2.379377552124096837e+02
2.519056440503545105e+02
1.405331266954689795e+02
2.901816496260393023e+02
1.442447308163009438e+02
1.789857893877213542e+02
1.927829863034382925e+02
2.724464899994928828e+02
1.257088084744946315e+02
2.475022407791485364e+02
1.463245932368590729e+02
1.809179166838646040e+02
2.874259750973627661e+02
2.537020129003799127e+02
2.505391489611868963e+02
2.770827049264603943e+02
1.879267132404866629e+02
2.686117107651342621e+02
2.733847940292671979e+02
2.849194615818082070e+02
3.658950626627085967e+02
2.374356558566126125e+02
2.928183281297223175e+02
1.768736460610694508e+02
1.716181356497676234e+02
1.617675739683969311e+02
2.449686346704361313e+02
1.970025925139013339e+02
2.023322467170144705e+02
1.199048987729902933e+02
1.861670274371518303e+02
1.396100385924377463e+02
1.828367897916043603e+02
1.557466040667482901e+02
1.936888450367183339e+02
1.144453725357141991e+02
2.128365094494750451e+02
1.674342339537239752e+02
1.951999974720932585e+02
1.168993869885141237e+02
2.428320630743560855e+02
2.824238046770348660e+02
2.377165476282664258e+02
2.120467513128547523e+02
2.135177357283972981e+02
1.899391606113476314e+02
2.315562835256781398e+02
2.002218200031274193e+02
2.808075222828555297e+02
2.208890671748159491e+02
2.006482771608635289e+02
2.912451853317318751e+02
1.622635811073439243e+02
2.496507732796401342e+02
1.609716215909439825e+02
3.124382102859182169e+02
2.344263813375115433e+02
2.313257469507560415e+02
2.215132524057472665e+02
1.725871513087810172e+02
3.042942809265557003e+02
2.925380824322711533e+02
1.615131351244736777e+02
2.377964360798878261e+02
2.455993861863349821e+02
2.307020120625459469e+02
1.700065759673288994e+02
2.298479227579765052e+02
2.922607617611232627e+02
1.985433589192601005e+02
2.566691373527953601e+02
3.377036325291336425e+02
2.696989132493023362e+02
1.413340551549156885e+02
1.326018441122282923e+02
9.347372517845555251e+01
1.623674144470246290e+02
2.976407422119743842e+02
2.451056490007042612e+02
2.223665689714506186e+02
1.521668202779692365e+02
1.071538728646922465e+02
2.585432499427210473e+02
2.419876285736185366e+02
2.579219764159187775e+02
2.078072449755277944e+02
1.828006034252528025e+02
3.209475493373587938e+02
1.976658412503273894e+02
1.346463811265811330e+02
1.098269629129842855e+02
2.385378038233269535e+02
1.600606256663257341e+02
2.643917216060433475e+02
2.149204528154437241e+02
2.478174716890735567e+02
2.454209364400985010e+02
2.938490326392351335e+02
1.600984585673105869e+02
2.115517002637551514e+02
2.199271638134349018e+02
1.948738484037571936e+02
2.676545880186495765e+02
1.932488002520040595e+02
2.870952820520519708e+02
2.188130750551641199e+02
3.009336268502568714e+02
2.517746176449860798e+02
2.860821814064364048e+02
2.212133345584622646e+02
2.223079254033134191e+02
2.214494981658431243e+02
2.729788248251127811e+02
2.462131825275548351e+02
3.360772962820108773e+02
2.005274948115157656e+02
1.881901353724885269e+02
2.319807657363516569e+02
2.998417703950498208e+02
2.153166905076360820e+02
3.403987859446638140e+02
1.798545777083934922e+02
3.387483585037667808e+02
2.563848539730793732e+02
1.302553114651132091e+02
1.914021942385995771e+02
2.028106334643050275e+02
1.879501200977000508e+02
2.632797576398826322e+02
2.903983176187859954e+02
2.310683178175171690e+02
2.847961123621248021e+02
2.626782091496815497e+02
1.822444290018127333e+02
2.326821685850859467e+02
2.234894743911272315e+02
2.604547581696486418e+02
2.284462988248822342e+02
1.613396736103817091e+02
2.661069837071491975e+02
2.347470280256909518e+02
2.530376412204647636e+02
1.697127743970081610e+02
1.280684909993414067e+02
2.716325862969795253e+02
2.057014764098933028e+02
1.247709829633198524e+02
1.986856628713325108e+02
2.460331515102569142e+02
1.441702377089800109e+02
1.337184832725134811e+02
1.287520919336193685e+02
2.955646914879774840e+02
1.847869230979830490e+02
1.181093468371678767e+02
1.241479328508723370e+02
2.771440339939360911e+02
3.620152411022430670e+02
1.774560026632041740e+02
2.672918133299629062e+02
3.282754809284640487e+02
3.360962581581273412e+02
2.549396090349509620e+02
2.765296706657684354e+02
1.888690788560109581e+02
3.587580080232087312e+02
2.146523581947601542e+02
3.168737981247150515e+02
1.982563367682827788e+02
3.328493996807538906e+02
2.649860906016659783e+02
2.395183534189534384e+02
2.936470246394374044e+02
3.018365556588569802e+02
9.232236961817820031e+01
2.698509215333328370e+02
2.130907413591823740e+02
1.873181622393782675e+02
3.209531921232955369e+02
1.281340037043594862e+02
2.580142560195592978e+02
1.278110185320263952e+02
1.900389354241798685e+02
1.172330070061828735e+02
2.632115319051355868e+02
1.712870402026750867e+02
3.371114237649629786e+02
1.292970240967892437e+02
3.526227802384238430e+02
3.297027241413699130e+02
1.941084270864591019e+02
1.212162049285467162e+02
1.705067833327630638e+02
2.269948676090504307e+02
2.324376717071564542e+02
1.282565331880700228e+02
3.029924691510443608e+02
8.808354374866473790e+01
2.573050591519606769e+02
1.454745602491129262e+02
1.847509677632538398e+02
2.117409887569734792e+02
1.423930429115094967e+02
3.571932215822244530e+02
2.555442471004939762e+02
3.688830550897242233e+02
1.877362950736171570e+02
2.387972532092996687e+02
2.240289430744353183e+02
1.875141838992749399e+02
1.783873506290379964e+02
2.941688231899485118e+02
2.029830314290881290e+02
2.532826136664752994e+02
1.978025434293198828e+02
2.724056510446363291e+02
1.096701460658014042e+02
1.891289168379339287e+02
2.190671898662394312e+02
2.068477832290353717e+02
1.901196926828254732e+02
2.995433339704057971e+02
1.878749793926641871e+02
2.250658362641886185e+02
3.222561265441552791e+02
1.094709835507708817e+02
2.616305633514150486e+02
2.562030997677492223e+02
1.519025117640031226e+02
1.861794169644198007e+02
2.087611400777311985e+02
2.027825992048501860e+02
3.055762400400996626e+02
2.023963926761001062e+02
1.650806735118541724e+02
3.213100976459330695e+02
1.511378808111614944e+02
3.558544195385463809e+02
1.907248988289504155e+02
1.917640191310272257e+02
2.718907724344804819e+02
2.220413766695968434e+02
2.917427196387815229e+02
2.442189349097617992e+02
1.833727668021951160e+02
1.862403770280826620e+02
2.868825475682829733e+02
2.295517893858539651e+02
2.461642339444541108e+02
2.659443269287984322e+02
2.074952182389920097e+02
2.668950432466438087e+02
2.208221963449147722e+02
3.382129169715990997e+02
2.108971418115575034e+02
2.740888065705987628e+02
2.498846482922450605e+02
2.883710052158838266e+02
9.795037362613361154e+01
1.655262793029034469e+02
2.381907672931078537e+02
2.690195987160111599e+02
2.188550481600471187e+02
2.732539061780433371e+02
2.292103643114549811e+02
2.886677833590484852e+02
2.762094354830683187e+02
1.166885473514902145e+02
2.255856613375803192e+02
2.022070264011273650e+02
2.601753605589530025e+02
1.762111926962144253e+02
2.255201391857380031e+02
2.404758204920595119e+02
3.149018720333845067e+02
3.214139578601188987e+02
4.024976127096008440e+02
2.588110668866882520e+02
3.707944616051390767e+02
1.753941773849765013e+02
2.593390532019412831e+02
1.438111016047346311e+02
2.674109067349440352e+02
1.848109169035335810e+02
1.450736330438047048e+02
2.234432973956091644e+02
3.490418194443601578e+02
2.888589189458500641e+02
1.949689035194753899e+02
2.463583728247396607e+02
2.141204055662630310e+02
1.978355211759757424e+02
2.696053919650032071e+02
1.491565850129366027e+02
1.564282265592561032e+02
3.255341815545834834e+02
2.145498445085743526e+02
2.048691917903306887e+02
9.637851791384281341e+01
3.204391063054169990e+02
2.681499323299022990e+02
1.477746682267065239e+02
2.375619675941822777e+02
2.923159820363896415e+02
1.765134522236371311e+02
2.080029802111301365e+02
2.830162603601204410e+02
2.290157580430094697e+02
1.732153035813127531e+02
2.263100879610702520e+02
2.709047607491121994e+02
1.574049372803145843e+02
2.427696814766422619e+02
1.625170132273002253e+02
2.458700136494494188e+02
1.785635874561716605e+02
2.493421009834886206e+02
1.533274696065966509e+02
1.158831769882597484e+02
3.089734213983110749e+02
6.524825794813219204e+01
1.625272809815620576e+02
1.911792469400782579e+02
2.616536184125252475e+02
1.503404852351030740e+02
2.470519174639539983e+02
3.000258817639494850e+02
2.972571038595135633e+02
2.256692556006820212e+02
2.487058246900194547e+02
1.908438531247186347e+02
1.215963592528494814e+02
2.187067098158935039e+02
1.630654536555417735e+02
2.110292019198805633e+02
1.533549276500471876e+02
3.251116871967990960e+02
1.739949820973616283e+02
2.179579665536873847e+02
2.091959804013370956e+02
2.498052152948771720e+02
2.480661543529329833e+02
1.975892625693533660e+02
1.918042561683830627e+02
1.529754197222786161e+02
1.664689930438899523e+02
1.837272899257188499e+02
1.885229599128083748e+02
2.201179263371322179e+02
7.606066473890706447e+01
2.197594428749779354e+02
2.373171763643447889e+02
2.234195468715786035e+02
7.349562025866990211e+01
2.289907316888432831e+02
1.562352816885792208e+02
2.260834607375350913e+02
2.662009751270538800e+02
2.353608748253587635e+02
1.686812277882990827e+02
2.125338273946761376e+02
2.214653408389848437e+02
2.344452166924768903e+02
1.534852558427321014e+02
1.979574219234266366e+02
1.938164902003450436e+02
1.102881923238539770e+02
1.728508943532277158e+02
3.159242997477400650e+02
2.646252343629737993e+02
6.759321076523477245e+01
2.230357955568696866e+02
2.355976712533108639e+02
1.299534616025626406e+02
2.416506720982997933e+02
2.095485021210895411e+02
1.269888756110021291e+02
2.887689470001991481e+02
2.853334627224920155e+02
2.437612574859156780e+02
2.788197988070745055e+02
2.731586263247792203e+02
2.498522931929334447e+02
3.089188507105598660e+02
2.096237489343044160e+02
2.106237484220469298e+02
1.701029765235269622e+02
1.919005965017758513e+02
2.927559500010150373e+02
2.576254326501885430e+02
1.859322519867031360e+02
1.505210029953530579e+02
2.457776374510036135e+02
1.604097547019271985e+02
1.856482817386569764e+02
1.639799271090519710e+02
2.063979350223133338e+02
1.642112624720543579e+02
2.030714305986841168e+02
2.575126994099604758e+02
1.543263002425121329e+02
2.837224772787000120e+02
2.218846499584018375e+02
1.898207906440414945e+02
2.735831050083494347e+02
1.630730627155753609e+02
1.649096476635063766e+02
2.193566537293402519e+02
2.934035029586505061e+02
3.047798726168450685e+02
1.874942069026957370e+02
1.442472891589266908e+02
2.204712849947939901e+02
1.593042952670707280e+02
2.078152033415126425e+02
1.631905570863557386e+02
3.871667156087905823e+02
1.732070669885538337e+02
1.709246962374010081e+02
2.215689051870561457e+02
1.887752039331172966e+02
2.357676293846402871e+02
1.727263014724406389e+02
1.425790009866737194e+02
1.989888542119840622e+02
1.578966849263987910e+02
3.025374568677410139e+02
1.805578108751071227e+02
2.093900104792817274e+02
2.275581667710172837e+02
2.927355110193297492e+02
1.694713018220584786e+02
1.799236443625408697e+02
1.886374812692078251e+02
3.110972898681706624e+02
1.519128253572884546e+02
1.987631845317874024e+02
1.663233231491644517e+02
2.374492116354418272e+02
1.314335320879299047e+02
2.951250711555956059e+02
1.189289096681912241e+02
2.419573430813301229e+02
3.107606909353123115e+02
1.815511227017387341e+02
8.377062052430437689e+01
2.283301769294146482e+02
2.489206540234324905e+02
2.658662203834878710e+02
1.559326841419675986e+02
1.585250509773962335e+02
2.407152054409495747e+02
2.570079595649843327e+02
2.413613567714516819e+02
1.664194027508682723e+02
2.680680366476136101e+02
1.513960010362711159e+02
2.757141250652470035e+02
1.722395500897892191e+02
1.878418508095946891e+02
1.865852974529286712e+02
2.386074281162382817e+02
1.670340545879270167e+02
2.044179457415863226e+02
2.031303811891230282e+02
1.092147259472384206e+02
3.183044693448597400e+02
2.167760498840908951e+02
1.783854155816044340e+02
2.642760144967475640e+02
2.383953809051127166e+02
1.615320505717090214e+02
1.252842915159729671e+02
1.686705068370163190e+02
1.971658084639014703e+02
3.538284750779046135e+02
1.153305424229265412e+02
2.680064266668734376e+02
2.744709344892042395e+02
1.866186740269150732e+02
3.194714386875165246e+02
3.315411019565185597e+02
2.490779514524440117e+02
1.450572497146552280e+02
2.047955962367071265e+02
1.882391464012210065e+02
2.942671734000757056e+02
1.366835191816717554e+02
1.398363705759179538e+02
2.079052054091032744e+02
1.526516755663490699e+02
2.124607108817584447e+02
2.151229908845834586e+02
2.381336103252404826e+02
2.319551002583237391e+02
2.556449385073841540e+02
2.263639561939857856e+02
1.656243826199611817e+02
1.863698124327022470e+02
2.770499266060271566e+02
3.585863457473659537e+02
2.433324208211035398e+02
1.886350787139962506e+02
2.914601604866032289e+02
2.655623977495304189e+02
9.075364554483809343e+01
2.734654913720817717e+02
2.014609838333880703e+02
3.089519311403810775e+02
2.519827028323835236e+02
1.161676242701573756e+02
1.102271213788825861e+02
1.946916717335823819e+02
1.422646435774476004e+02
1.142164737982853637e+02
2.808047067749720895e+02
2.417261548548686392e+02
2.652931405669592664e+02
1.956979414796532808e+02
2.226441292611809502e+02
2.495084545636079554e+02
3.020049097347067573e+02
2.213714574070763774e+02
1.714909073679633025e+02
1.859639225544880219e+02
1.618241178034060681e+02
1.563140646201392201e+02
2.304817358749366463e+02
2.894319885409735775e+02
7.789942544292753723e+01
1.955801863630251773e+02
1.745938336600132459e+02
3.062979234000443967e+02
2.679984792597734895e+02
2.251691821237687350e+02
2.488349582738662491e+02
2.141141101600136949e+02
2.071322760492060979e+02
2.533008842203387019e+02
2.069482215130650502e+02
2.807274657268001761e+02
1.952145838377269627e+02
2.644394987522670135e+02
1.123768783650976673e+02
1.785003132113644710e+02
2.273535264547431041e+02
2.120976374586734607e+02
2.054458554326850219e+02
8.481166888945509186e+01
2.621720646401442991e+02
2.179441704753266720e+02
1.779494725247565725e+02
1.876073034872995322e+02
1.986217033795732902e+02
1.858219787952998558e+02
2.126423414184983471e+02
3.165666667997132890e+02
3.011729923742592518e+02
1.666791345018132233e+02
1.504084768195817503e+02
1.056976950740106105e+02
3.345448527556820295e+02
1.452685847367675080e+02
2.017588788083479869e+02
2.393636353540587720e+02
1.696768397400599042e+02
2.214845718264925836e+02
1.893251735505438091e+02
3.126318007322723815e+02
2.348972992294380617e+02
1.675209032494326493e+02
2.134771531338611510e+02
2.986284883317288177e+02
2.834784330923347397e+02
1.810103041286492953e+02
2.950188509065599760e+02
2.215836649681873780e+02
2.348445629693449064e+02
2.205095015474782656e+02
2.142652098858039267e+02
5.599313628063373471e+01
1.887167189525667652e+02
1.813696763633994919e+02
2.023137879374361319e+02
1.420618880795657333e+02
2.448898635571424336e+02
2.417897831570844289e+02
2.109604225080632887e+02
2.713773499061213670e+02
2.929478704012074672e+02
2.463794849561104456e+02
2.018192622450450244e+02
3.094597346901887249e+02
2.255523717351570383e+02
1.756944828656340860e+02
2.918625409014330216e+02
2.093232367846509874e+02
2.772016486348505850e+02
2.498580201503876879e+02
2.021639567390649859e+02
2.073588144836133154e+02
1.965311867953005560e+02
1.817093901230779807e+02
2.767216740805386053e+02
2.287045256672459459e+02
1.289188816329992164e+02
2.879754006558921446e+02
1.858235153015479852e+02
2.182090280516445091e+02
3.108534346896326497e+02
1.725881888246527751e+02
3.074100183767581029e+02
1.662423580452364718e+02
2.665517778878722766e+02
2.809147142027879909e+02
2.603694793514771959e+02
2.722530609598606475e+02
2.257270432159466509e+02
1.384659342304303209e+02
2.714523323598070874e+02
2.271849231091008789e+02
2.095814876944863272e+02
2.239143346243214125e+02
1.895681186607004918e+02
2.078793804026797147e+02
2.147573396661280185e+02
3.301372089660419533e+02
2.991598195865300909e+02
2.350195168985844134e+02
2.272341417458305557e+02
2.396627442386231905e+02
2.080503926350039308e+02
2.425743493468592646e+02
2.022730344776865650e+02
2.576081715536342358e+02
1.760769693323997842e+02
1.508221242078559499e+02
2.512322144254983982e+02
2.861814514331869646e+02
2.015028265598453743e+02
3.198581660320706987e+02
2.379832017680066087e+02
3.206889174906056041e+02
3.343639685105156900e+02
2.382483823168840047e+02
1.491160765434386235e+02
1.997256380477498965e+02
2.850842706413424139e+02
2.303946885787505039e+02
1.339880753559862683e+02
2.167750219844463686e+02
2.144850819137613485e+02
1.801037235039773350e+02
2.359388601494684679e+02
1.335723105997575999e+02
5.492892960343030495e+01
2.095740187792734446e+02
2.688754280810173327e+02
2.240282581984093895e+02
2.317179907728705928e+02
2.205762320747088552e+02
2.029817008874398994e+02
2.227410720887596369e+02
1.562217366964872554e+02
1.714394673325104463e+02
2.052508131623062582e+02
1.607870219730712051e+02
1.343578411291903763e+02
2.046882340869128996e+02
1.589225344141366065e+02
1.497013519121631475e+02
9.473838897920114732e+01
2.835888639938193592e+02
2.469980834951020938e+02
2.841996772274706018e+02
2.044610888000478042e+02
2.212191572663245438e+02
1.651079995018380373e+02
1.830586649097392069e+02
2.880980297821136560e+02
1.520020024800464284e+02
2.589153637987673733e+02
2.911620378052264186e+02
4.743901829155322503e+01
2.685555438647484721e+02
3.287451114856414733e+02
9.882546699262951506e+01
2.533085009731775301e+02
2.956502465159148869e+02
2.516578409576159174e+02
1.578867345637234223e+02
2.816295037513779675e+02
2.965118962746570901e+02
1.984875507655412719e+02
2.849296352866069810e+02
2.529628805351139818e+02
2.702135329358388844e+02
2.023219451848326855e+02
1.619978870595207354e+02
2.821646269046934208e+02
1.865116468149840330e+02
2.230571500751167946e+02
2.544236244031729939e+02
2.449380676152350418e+02
2.278920878543762285e+02
2.125570927950079749e+02
2.711659911794627078e+02
1.245968379581082104e+02
2.725603043163255848e+02
1.567287318363803479e+02
3.195523459404799382e+02
1.299736613479212792e+02
1.829303727750251483e+02
1.328632025186936403e+02
2.710154000300755683e+02
1.279504719952730198e+02
2.280326474192281978e+02
2.141083624732443980e+02
1.683129056956717591e+02
2.528309475257844952e+02
1.666883206890288136e+02
3.050218423431190331e+02
3.196241969155544211e+02
1.490354979456602678e+02
1.819702657882278345e+02
1.980084133841637026e+02
2.660110112854154636e+02
2.094049271282228517e+02
2.594105525069439295e+02
1.927288960316669488e+02
3.781144856713771105e+02
1.748030449353935296e+02
2.157364258940527577e+02
3.033675120532226401e+02
1.920980028597317926e+02
2.897413847295869118e+02
1.696858384737617484e+02
2.668177779118317972e+02
2.024999341392548615e+02
1.639055021783287316e+02
4.453313828818838260e+01
2.973099970487486416e+02
2.357576537098453286e+02
2.951461840633434690e+02
3.334229202491829938e+02
2.395511595628699979e+02
3.174807427325537219e+02
2.022262292112078796e+02
2.686267067647623321e+02
1.867195097016624743e+02
2.425996410344603760e+02
1.869991824730161056e+02
1.307280293895543082e+02
1.468825253201691226e+02
1.705533792563844599e+02
1.640676043051448119e+02
2.525330934636274094e+02
1.476854207593667354e+02
2.397172642418268538e+02
2.160741037231697987e+02
1.687314344302305642e+02
1.043154947553792908e+02
2.448963046893999831e+02
1.979204192594477263e+02
2.067171126847561027e+02
1.518252962889587820e+02
1.936110563578162669e+02
1.937364314159200944e+02
