3.026067325573070121e+00 1.797365420982139916e+00
3.463380390449970037e+00 1.598197695039490052e+00
3.286932982196180131e+00 1.746854668290680035e+00
2.549634944515660084e+00 2.011895535083680020e+00
2.221537989335459873e+00 1.264314809546779994e+00
3.865168063048619818e+00 2.831819746091400081e+00
5.026703429344720142e+00 2.033783931033830150e+00
2.188159384015840203e+00 1.196659118057529891e+00
3.258518417902850128e+00 1.937312257270670024e+00
4.706827629510629940e+00 3.216006943585739908e+00
3.479265692547679922e+00 1.735682874364230077e+00
2.288841856947359865e+00 1.141028489248010036e+00
2.187304752743549852e+00 1.145669550599579978e+00
2.208627321839499835e+00 1.514268461486679929e+00
3.115402107664849929e+00 2.176815241170499959e+00
3.516193510226909957e+00 1.583013593269430030e+00
2.327739054162730081e+00 1.611551316879890061e+00
2.706075544884530171e+00 1.674330114592770036e+00
2.258487265261079902e+00 1.183106161395270028e+00
2.502060488047070042e+00 2.048469005604049986e+00
2.561482527324669967e+00 1.211751350456689913e+00
2.681980594510859905e+00 1.613810593063830012e+00
3.622708078091310124e+00 1.941195118465590008e+00
4.311582291430419822e+00 1.819941327109610096e+00
2.648271213559330040e+00 1.344516380657670096e+00
5.532476685134099625e+00 4.004656961889589972e+00
3.138524475736260033e+00 1.681731415574239996e+00
3.106879928495930088e+00 1.565762488208040093e+00
3.084442661009029862e+00 2.059798758027099996e+00
3.665228047001150014e+00 1.675065862186940091e+00
1.949150673197250105e+00 1.113909219765850001e+00
2.428592282946040015e+00 1.427299504668180008e+00
3.914542773760449901e+00 2.269577884160669967e+00
2.990328789881879779e+00 1.838338007908620009e+00
2.461473588007729862e+00 1.268395539329070010e+00
3.394498789851769782e+00 1.764844415814629919e+00
3.210019689876120186e+00 1.556850973308119945e+00
2.830112507832100111e+00 1.550496354959449929e+00
2.890942705010350000e+00 1.572638371778479982e+00
4.046712992317740287e+00 1.648917746869120071e+00
2.091806884053580173e+00 1.158357034101860084e+00
2.502710393149050194e+00 1.494149477299729911e+00
3.338664618833900199e+00 1.927324905604149929e+00
2.734148632301010018e+00 1.023088902103659992e+00
2.474761964067079933e+00 9.932513362640630339e-01
3.428505154318699955e+00 1.414788886013260027e+00
2.358416788741169778e+00 1.373038058390080085e+00
3.197217957259820054e+00 1.746303922203920056e+00
5.018832310784509865e+00 2.362446817592319892e+00
3.371690772085300214e+00 2.422994067631489834e+00
3.189701974196109902e+00 1.860423670748780012e+00
4.071383607816850159e+00 1.684428769074350019e+00
4.448308603239349956e+00 2.462359667351090131e+00
2.607587283485110152e+00 1.085990646052650055e+00
3.338639078693939943e+00 2.109985676020980083e+00
2.949652510815699902e+00 1.508300597892560102e+00
3.784426446856230086e+00 2.779947158678799823e+00
2.487374481923649849e+00 1.190708256915780083e+00
2.378519933108449891e+00 1.090673641192730026e+00
4.416161335604580351e+00 2.566574652948849788e+00
3.938269515829480039e+00 2.810243286345599945e+00
3.229718482645469901e+00 1.839861963023609936e+00
4.332158003346090247e+00 2.664784674296619915e+00
2.119065679795490098e+00 9.794168322144110039e-01
3.151439789466250030e+00 1.709966264307640094e+00
4.081472714450690376e+00 1.509098156062449902e+00
5.287675006525660137e+00 4.148122686191429764e+00
2.809473222471750020e+00 1.609936955811170023e+00
3.655567002079799899e+00 2.181947306670819930e+00
3.587822812940200112e+00 2.186064670527759990e+00
3.524900922256120062e+00 1.954640449984619943e+00
1.866075014929980069e+00 1.143135906574960003e+00
3.454504240043509977e+00 1.864923550450880096e+00
3.219386922430730102e+00 1.900902777883290096e+00
3.238350046147549843e+00 1.929837988816389904e+00
3.389104000135489958e+00 2.171930843319930027e+00
4.045879114307299851e+00 2.394852107213540027e+00
3.897906190763329892e+00 2.805522642190230176e+00
1.341601151880309928e+00 6.746388945054090369e-01
3.397127339440559890e+00 2.510909817356759888e+00
3.380825823222569859e+00 1.885777089555479957e+00
2.593284396607840048e+00 2.064642167234710168e+00
3.019508204625040104e+00 2.020087506569610003e+00
2.498899189746449867e+00 1.501798673456040012e+00
3.807768524464600013e+00 1.615185857917019963e+00
4.080348191002039826e+00 2.178830262844389853e+00
3.540582915948209841e+00 2.266117828350879826e+00
3.165220308746079958e+00 1.443250991444769982e+00
3.169208029738019849e+00 1.802152189617370004e+00
4.228280328157220325e+00 2.679929471285420028e+00
4.851433786212729693e+00 2.970362175147140071e+00
4.219150145525399687e+00 2.817229957620840164e+00
1.916917108270070003e+00 9.436181996803230110e-01
3.705558939358499781e+00 1.720626723467880037e+00
1.525095981774279963e+00 1.020812900768909959e+00
2.340471418612299903e+00 1.367854175113540016e+00
3.433703613363119800e+00 1.817604428638849967e+00
1.918469565596399917e+00 1.069501236783980014e+00
2.584460095668259960e+00 1.564582792739450001e+00
3.260409253562630116e+00 1.903780342195730002e+00
2.637174213737329964e+00 8.697424832818370088e-01
5.242935923187600267e+00 3.424004910800420021e+00
3.274448838725890099e+00 2.418742386594720184e+00
4.301412284325100366e+00 3.452084698769580129e+00
3.760952806684049854e+00 2.394667490387270004e+00
2.163984373987700049e+00 1.252679223261669916e+00
3.279790404560670058e+00 2.261920180774520173e+00
2.713002113974309903e+00 1.412596994635020087e+00
4.093550104501219700e+00 2.435449004152039798e+00
3.215341148891110112e+00 1.793500331232529943e+00
2.487972987096460198e+00 1.836716110413519898e+00
2.993616374013980064e+00 1.756702139014429953e+00
3.678097460213940018e+00 2.500852019860420050e+00
4.172105430666020354e+00 2.710270851078569798e+00
3.153551495117199899e+00 2.190349919746939822e+00
2.658112022652499906e+00 1.746884658509000099e+00
2.966712923614700070e+00 1.558634016707429959e+00
2.484735456471640180e+00 1.332511564322170106e+00
3.285407649324449952e+00 1.547903944619150041e+00
2.399009585511420184e+00 1.053439374200600076e+00
2.676366553438410012e+00 1.862695357065929924e+00
4.374990475652669630e+00 3.195431413572340063e+00
3.727295692161709972e+00 1.813235605810280093e+00
2.991597632942519791e+00 1.195066058097099981e+00
2.631417964836269885e+00 1.400456045203440025e+00
3.804664020004969949e+00 1.939468211091990080e+00
3.528921446072769808e+00 2.164182878568969848e+00
2.298523658580669871e+00 1.377539895918610036e+00
3.586144703675290035e+00 1.371935073014119988e+00
4.604310941183680228e+00 2.416231573173090119e+00
2.261058186350410004e+00 1.248937426908149906e+00
3.098105831773350083e+00 1.852616788799029912e+00
4.336024812577679910e+00 2.052142124593459904e+00
3.152086614428839972e+00 1.757116005461289987e+00
3.283888730836490133e+00 1.540615358496530085e+00
3.127587977074429926e+00 1.531404216071440061e+00
3.406325320602760165e+00 1.842673924449359957e+00
4.408398282896770048e+00 3.074036355777869822e+00
1.807187899020060051e+00 1.623079529808240107e+00
2.576845070577530095e+00 1.066278725022020035e+00
5.631316799308209831e+00 2.801766415483620154e+00
1.763196559611970082e+00 1.028633920883770037e+00
2.169855594740880189e+00 9.789975489347220172e-01
3.624528680920469981e+00 2.847972631466650029e+00
3.311455475554939909e+00 1.545766361807640044e+00
2.672248132084490191e+00 1.485004418459560105e+00
3.749343875583090124e+00 2.641043196685009864e+00
3.920153036049419892e+00 2.380433505683690054e+00
2.860795865547919981e+00 7.838583649673279696e-01
3.564076964850459994e+00 2.040730685289950053e+00
3.431332979551890094e+00 1.854447522166509987e+00
3.032871473727880129e+00 1.213654037812980091e+00
4.654652177462420326e+00 3.727642873877340168e+00
2.868604471287400148e+00 1.290193534865379910e+00
2.524902630523670144e+00 1.770248451013759938e+00
2.770089812418480069e+00 2.221594473085419796e+00
3.499604661226820124e+00 1.517560421828340056e+00
3.346744083558680138e+00 1.496836717296569974e+00
3.848402368968109943e+00 1.900324509085040026e+00
2.883085217304190095e+00 1.570754813964049923e+00
2.669253119833729926e+00 1.912640977804699993e+00
2.059908565825309790e+00 1.350689311596559916e+00
3.101323718596880052e+00 1.508338687582889914e+00
3.213770306746329908e+00 1.136414982484849956e+00
5.279648656783069605e+00 3.300057583964090213e+00
2.437626112504529985e+00 1.535018614462289932e+00
2.411050627215700182e+00 1.712078415639759932e+00
1.971988924577440017e+00 1.136683576700810105e+00
3.759385858264240099e+00 2.146326889472060184e+00
3.391878579953690132e+00 1.766820946209779919e+00
5.478906903452360311e+00 2.876689953895669838e+00
3.348199822826240180e+00 2.059307488133060193e+00
3.132427740092650126e+00 2.038452729120900031e+00
3.633499050940510067e+00 2.301524969950449861e+00
2.998439821978100106e+00 1.994116721048899921e+00
4.253987979689449972e+00 2.346992123362159788e+00
3.102671598486749893e+00 1.662242154336569966e+00
4.399956595153260430e+00 2.326663381103799999e+00
3.744237896389260190e+00 2.139607547587849989e+00
3.436776375274789963e+00 1.469371295390220045e+00
2.454323829552839786e+00 1.403159513374180101e+00
3.203958070447169959e+00 1.884022837631849967e+00
3.307153787176130066e+00 1.232149997175910006e+00
3.145192746374930071e+00 1.480734187849960026e+00
3.632202154303549868e+00 1.415441419266360024e+00
3.127333139645149807e+00 2.531661612190990063e+00
3.632976637975350087e+00 1.947840657361880057e+00
3.890991825081330013e+00 2.031220196165259839e+00
3.125926846138769921e+00 1.775730956628480017e+00
3.382050829295789818e+00 1.578393293247279949e+00
4.778150712379270360e+00 2.003629786602620033e+00
2.521736598020980047e+00 1.635745855170640084e+00
3.523341302343829806e+00 1.644130529084600001e+00
4.168879813483769681e+00 2.286843185039410198e+00
4.149859797517730264e+00 2.150641236642630183e+00
3.577814348613200135e+00 2.054458906257489836e+00
1.742760742767289983e+00 9.390553033823659801e-01
4.059127718470819879e+00 2.390639627721399929e+00
2.710370511280120187e+00 1.477833695090410071e+00
3.034000845911479782e+00 1.339566129180719933e+00
2.908936754581919804e+00 1.363581629384490013e+00
2.961644695933880023e+00 1.377872297813030000e+00
3.422722445987839812e+00 1.866803476070999945e+00
2.860562548908780034e+00 1.452389988711950020e+00
2.831229953725689974e+00 1.363950504703479893e+00
2.400471258509739858e+00 9.934341779923610005e-01
3.993528540862529841e+00 2.343567044526590148e+00
3.572929687981349911e+00 2.287988041281939999e+00
2.505077853485520034e+00 1.351696276637220029e+00
3.771167803787089934e+00 2.540767839799249916e+00
2.387686947754529943e+00 1.176692829521039929e+00
2.898083349840970158e+00 1.607444190975890086e+00
2.619124327099890071e+00 1.666818524446370020e+00
3.703884417195359990e+00 1.775118012717469940e+00
2.430409742522320116e+00 1.237874154358109990e+00
3.692356131619760173e+00 2.633950172117839994e+00
2.907822012188970184e+00 1.742441725404060060e+00
3.818309814785080025e+00 1.812145627505040046e+00
4.285482855798480095e+00 2.517804593311570027e+00
2.524062146906630222e+00 1.484349321171239966e+00
2.367389051533519861e+00 1.216469782878530026e+00
2.833417922964799995e+00 1.743419983912160021e+00
5.843133223618869998e+00 2.283895507486819909e+00
4.391252141082260252e+00 2.107675875998960002e+00
2.581799952049129931e+00 1.273226296976420091e+00
3.660044732513509924e+00 2.051458761792550156e+00
1.343357028396620079e+00 6.602670458394700459e-01
3.645616128670030154e+00 2.496267188337310206e+00
2.768306558981170173e+00 1.702499647078689948e+00
2.559137450063659891e+00 1.457385907939940051e+00
2.710449977341669925e+00 1.835936732566199936e+00
4.730587076817879932e+00 2.516019165900320154e+00
5.482291370654709617e+00 2.326739711196439853e+00
3.866973936122370059e+00 1.897514513945659953e+00
3.686202663192669871e+00 1.790991813036459934e+00
3.215435102903419828e+00 1.833426801650589910e+00
2.655413612374979859e+00 1.705397530864289912e+00
3.196166966151539945e+00 1.578123933994870054e+00
2.840160080140059939e+00 1.891719643201859924e+00
2.855369464547090175e+00 1.303361921879159890e+00
2.980264062111099843e+00 1.178164031639550080e+00
2.691353382546870066e+00 1.763676915940890044e+00
2.967251801251169940e+00 1.584829895199949990e+00
4.953558062298609954e+00 3.142921660356940095e+00
3.499221159255620162e+00 1.611301760448369924e+00
2.784911726239729823e+00 2.210864912051460074e+00
5.284804310632360114e+00 2.294644702680849857e+00
3.951624494676869936e+00 2.538011940490609852e+00
2.555480290896550155e+00 1.260980770953169960e+00
2.941149879621370200e+00 1.369169311415260104e+00
5.771070385773890088e+00 3.563853526830730090e+00
3.828028537607909954e+00 2.384209717993880151e+00
3.771213033886100074e+00 1.767823397295150034e+00
3.342708210148249925e+00 2.397953820802119829e+00
2.257768873170360013e+00 1.764057766366569968e+00
3.252731318218060164e+00 2.573080857554760126e+00
2.605822801961730217e+00 1.789124239334970001e+00
2.817531185040199837e+00 9.651023325126220076e-01
3.177560304006299852e+00 2.393450116712870113e+00
1.867805952925869928e+00 1.107829265267799901e+00
2.431977425937910109e+00 1.181192673396300075e+00
2.676067474980860172e+00 1.515799321502929953e+00
2.871419790282009998e+00 2.547695820091870011e+00
3.210513240031819926e+00 1.523012000557129930e+00
3.576843246756320038e+00 1.257492197306780080e+00
2.026384913299430046e+00 9.793574209923899820e-01
2.299901223368990166e+00 1.694755383900260037e+00
3.335120054239709919e+00 1.659275849374530099e+00
2.601548914904979970e+00 1.403421470377250069e+00
4.060615241702650202e+00 3.067531816913669829e+00
2.420782558632540216e+00 1.094771623562690088e+00
2.572441942942940152e+00 1.361056281671080059e+00
2.456209738836979906e+00 1.548820232068260028e+00
2.942268572269839844e+00 2.177610203044639814e+00
4.764386158895200118e+00 2.781804076767949940e+00
3.325253457250179956e+00 1.631649875748339973e+00
3.293345883679250186e+00 1.698021712171720043e+00
4.546495289587910271e+00 2.363103553006530078e+00
1.897640482815160068e+00 8.489151709847200244e-01
2.518872142862710106e+00 1.361143551020649989e+00
3.014782086446320175e+00 1.702435065755580013e+00
4.134750579652250124e+00 2.023420525779489942e+00
2.821450981259749913e+00 1.600330978495259959e+00
3.412070046470709883e+00 2.286505525918939963e+00
3.942540768525069961e+00 2.415729692815860030e+00
3.346279874178299973e+00 1.544240248211200095e+00
5.299932054389979719e+00 3.317293714530670012e+00
3.827101247485889868e+00 1.988392133688740016e+00
3.297105914627000089e+00 1.264741167082479967e+00
3.675675441378400077e+00 1.964847445416419980e+00
3.148027367389360176e+00 2.060822143487869962e+00
2.664558838842160160e+00 1.099249139194979907e+00
4.347064810382019751e+00 2.625686040613549821e+00
3.780812003472230121e+00 2.047387924965009987e+00
2.886035768742550189e+00 1.664985054902919925e+00
1.615613058194270035e+00 9.930675308134150336e-01
3.112328601373980153e+00 1.658142668530699915e+00
4.258032838513989837e+00 2.639465890092000055e+00
2.998971097893559978e+00 1.228749901429460056e+00
4.046077155468330133e+00 1.835742000658020068e+00
2.584934105946679939e+00 1.435644720496850102e+00
2.482398073057869858e+00 1.676133424443049913e+00
3.295936935671230028e+00 1.704910643726510022e+00
4.114910435861800053e+00 1.798618673968549908e+00
3.352102182444970158e+00 1.720222793198280087e+00
4.572473156611049916e+00 2.347841776314540052e+00
2.404807543932899971e+00 1.631670255703129957e+00
4.148280248083110244e+00 2.563302820224050205e+00
3.423450046758799825e+00 2.029441397239259981e+00
3.207093179541829819e+00 1.809105487890269925e+00
3.279031207327660180e+00 1.846835572396910097e+00
3.365404951275630108e+00 1.413690111454710019e+00
2.353975602431519931e+00 1.124980517033250083e+00
3.203756584181880029e+00 1.837000136067189926e+00
3.201038519936710181e+00 1.262405891233439936e+00
2.745018145957290212e+00 1.147110936843370066e+00
4.688518514229859768e+00 2.468239668092429895e+00
2.496443752392389914e+00 1.091852303326519946e+00
2.895692858400780167e+00 1.530441442735680058e+00
2.528634642652579867e+00 1.567608645133159895e+00
1.989697726963850055e+00 1.136640520125389964e+00
2.691384693325729938e+00 1.646860846107430110e+00
2.955687889513050060e+00 1.443109263982440105e+00
3.383743996593480130e+00 2.873072764787509836e+00
2.906137526335890175e+00 2.232752309001449831e+00
2.216691902652260016e+00 1.366434217462320078e+00
2.813869496152869853e+00 1.913271394429989947e+00
2.161650112042349914e+00 1.336171969795969972e+00
4.531647724483899964e+00 3.101293720082769934e+00
4.452093075244060394e+00 2.572968512164540034e+00
2.447660214634630016e+00 1.186523834497910102e+00
3.257499132609079862e+00 2.226754990319530059e+00
2.772058696801180222e+00 1.510819297603799960e+00
2.458648156629189785e+00 1.528216587889700051e+00
2.547556385817709934e+00 1.716340157219939933e+00
5.114105191045929644e+00 2.216688372540899898e+00
3.998139131631929910e+00 2.129319759719470184e+00
4.409512096075680176e+00 2.028773653724360138e+00
2.895436690474110009e+00 1.828838578302590001e+00
3.067758331717500120e+00 1.348130266278809941e+00
3.390707831986579990e+00 2.401138573308830182e+00
4.181401216567990353e+00 2.196541041263980087e+00
2.462510082821910196e+00 2.092880158706389881e+00
2.571881148814669782e+00 1.379634672800589934e+00
1.920904328454529963e+00 8.431870450889079605e-01
3.079955568370960073e+00 1.865159853305389914e+00
2.348035000909720171e+00 1.148476568554370081e+00
3.828933990760039929e+00 1.866715282245769991e+00
2.540509930242090153e+00 1.374601494146560077e+00
4.164285170296049721e+00 2.872930435144740002e+00
3.450662995412510092e+00 2.181151372794820187e+00
2.868237676921160162e+00 1.695027023640810038e+00
2.593713453962740001e+00 1.638352788493840029e+00
2.611452822758720149e+00 1.302042543073010039e+00
4.538788633871270406e+00 1.993745490558159972e+00
2.995823439562260049e+00 1.294411180769470038e+00
1.849022989147629970e+00 1.155639639060280111e+00
4.865717130143630165e+00 2.765570729412920148e+00
3.379685724122770019e+00 1.836510449587730021e+00
3.916842147427789911e+00 2.211654451837270052e+00
2.824341639504139856e+00 1.692180270442950052e+00
2.766790714785090088e+00 1.735233299376089944e+00
3.137670459514239951e+00 1.388202095683819914e+00
3.754644467477290082e+00 2.382889656916320043e+00
2.929852040808340163e+00 1.299344513304929949e+00
3.649777882567020182e+00 1.966242069856559915e+00
3.228604638900740120e+00 1.776589653658199985e+00
3.235084851345479962e+00 1.719264303177370001e+00
3.229737804604829954e+00 1.660141792641349978e+00
2.271730933724999790e+00 1.074345098513719954e+00
2.520919609335559919e+00 1.070822265951469898e+00
2.571962128802700143e+00 1.673485116270730044e+00
3.363021466538900217e+00 1.897068031572050062e+00
2.922175884649110156e+00 1.977397782027519924e+00
2.560948955415669914e+00 1.645715928607069944e+00
2.517439666066660031e+00 1.279092588979970024e+00
3.621949225091460001e+00 1.052400960344179959e+00
2.201961875685209957e+00 9.582647171118130469e-01
2.925698309911879846e+00 1.521208046303780037e+00
3.425570534222269981e+00 1.683437402622909973e+00
3.157313118906289962e+00 1.390447334042860028e+00
2.766942915198370212e+00 1.478049443866110035e+00
2.706701215661539983e+00 1.440853125039140092e+00
3.254682085730390195e+00 1.669446516787969959e+00
5.928845821852710252e+00 3.161323397083350084e+00
5.041762607314019817e+00 4.085831040810989911e+00
3.887395091106760070e+00 1.723563388294760079e+00
3.134236396747410058e+00 1.845063641844630009e+00
3.957131515035579916e+00 2.275470202925240049e+00
3.716067939929999842e+00 1.951484639872260063e+00
2.959659165630700084e+00 1.624030486043239963e+00
2.302432646804669858e+00 1.166774252948509893e+00
2.794114591520529878e+00 1.504575709461529964e+00
4.164334563641140186e+00 3.095376429454129941e+00
2.227319457367630040e+00 1.290308294909910058e+00
1.393581357963149969e+00 7.659541291266890317e-01
3.763832434661849913e+00 2.142159614432360026e+00
2.407691957213029976e+00 1.551768455760980103e+00
3.555332334882579826e+00 2.482110126834589980e+00
2.208914572954720157e+00 1.295305988498300032e+00
2.303656713869090211e+00 1.540267393255589923e+00
3.303670330775100084e+00 1.750269088456890110e+00
3.499742167882149868e+00 1.825657994106189896e+00
4.388482362737840425e+00 2.629041452413459989e+00
1.779667634688560041e+00 8.433243615300259899e-01
4.981073634059460353e+00 2.910148884533149793e+00
2.664496113687369938e+00 1.206566968205629919e+00
2.282326912383179973e+00 1.232423184972200048e+00
5.531285414063839667e+00 2.196040128750369913e+00
3.923894299547599829e+00 1.827914234446970099e+00
2.177624753377379818e+00 1.601232760085079976e+00
2.534946454288939943e+00 1.481445348478880097e+00
4.353916516731599629e+00 2.001354925072980073e+00
3.714394347356510195e+00 1.752338832027970028e+00
5.766593049488900391e+00 4.818953090830209618e+00
3.494447347493970124e+00 1.901517657172459907e+00
2.810563135266249901e+00 1.099668446105370068e+00
4.821920766744780096e+00 3.151189511652650044e+00
2.912802767960870121e+00 1.369297135631289963e+00
2.689309556106110222e+00 1.073604067697170095e+00
2.902885313503559939e+00 1.558875127299800045e+00
3.556963289551230201e+00 2.569097841599900178e+00
2.800178766702409838e+00 1.176298874689970075e+00
3.406205850476769825e+00 2.073257508982849995e+00
3.380465253578610163e+00 1.980215058527559968e+00
4.068804304486129730e+00 1.964809018084149983e+00
3.692985758258029882e+00 1.698064246425309953e+00
4.188801193470919948e+00 2.925611907180179827e+00
3.379689535025669933e+00 1.984343017286259947e+00
3.509733847165549925e+00 1.696559735410160030e+00
4.263118301056350035e+00 2.033407326120950209e+00
2.644992082517480192e+00 1.655675894884399924e+00
3.974698924350359874e+00 1.944437582277670051e+00
2.060715407987229852e+00 1.043408312688880013e+00
2.886272761150530108e+00 1.517562328418049944e+00
4.456494296188339810e+00 2.084000043695439786e+00
3.881889582545900108e+00 1.763354129795239977e+00
2.363022555510060130e+00 1.136706281904340088e+00
3.245688342301699780e+00 1.708574721996090062e+00
3.187915943609750169e+00 1.999116184666620111e+00
2.980258766204889831e+00 1.918460136936279925e+00
2.889120728171690189e+00 1.234337655152879965e+00
1.889615510819180111e+00 1.311315749220200111e+00
5.086836128704280036e+00 2.840466908511969812e+00
4.955171549642519935e+00 2.527607196407379853e+00
4.219892642009940076e+00 2.108260945563490196e+00
3.902788066712629789e+00 2.043721897691450184e+00
3.335236368934169970e+00 2.105319745911280016e+00
3.555246727360359849e+00 2.263364413883969917e+00
5.645698524037129573e+00 2.897122587246829806e+00
3.459863549178769926e+00 1.747135134365449982e+00
5.394322195002859921e+00 2.770689853261949942e+00
4.388156612667369671e+00 2.261551926438530202e+00
3.305051093677009888e+00 1.584626493633860100e+00
3.435792679745529821e+00 1.787440971913069943e+00
2.528303774863749798e+00 1.539636361001889941e+00
2.779258223301760200e+00 1.370542728616130024e+00
3.053590395904679955e+00 1.867911410171309905e+00
4.055162840144070024e+00 2.243316689669620168e+00
2.635146359138540006e+00 1.338062600165180083e+00
2.428800385854620103e+00 1.130309748523879998e+00
2.695824322905609804e+00 1.045121770679519946e+00
3.458195761791759804e+00 1.570331332045739936e+00
3.792455219835490166e+00 1.817755736462719929e+00
3.420289369896570175e+00 1.933560368311799893e+00
2.694812307374700122e+00 1.870512884049349900e+00
3.552713203425979849e+00 1.926512315559280042e+00
3.019514062988529979e+00 2.535395072442689912e+00
3.184971368280339998e+00 1.862034290622569976e+00
4.037908694864269954e+00 2.842911900423649829e+00
3.116430510715039848e+00 1.724710012157010031e+00
3.305561420978619935e+00 2.332278902367070028e+00
1.545175808449380073e+00 9.297223612963699813e-01
2.463722462653179957e+00 1.244203743883320001e+00
4.535803263143289854e+00 2.260347791610120005e+00
6.211934594110029906e+00 2.992728205257010110e+00
3.448639742415899878e+00 1.795962469247680104e+00
3.975716405114630092e+00 1.334072704608209925e+00
4.071428882410300432e+00 2.543540880351729871e+00
3.160175096582169996e+00 1.781586887818829901e+00
2.516425714815810011e+00 1.342500332448220091e+00
2.146719137657799870e+00 1.064376553958269911e+00
2.964852011252359976e+00 2.070807962219639808e+00
2.375618429546349830e+00 1.908294046393830046e+00
3.520821481622289806e+00 1.925354343315899941e+00
3.565590882175779797e+00 2.238384326684800030e+00
3.287537702383469984e+00 1.908218709488489928e+00
4.275884991769670407e+00 1.445686027364019965e+00
3.339851577855720066e+00 1.682932166093229931e+00
2.618259326419139832e+00 1.363920296660219966e+00
2.344801967642299978e+00 1.076550793739029954e+00
4.370049697729039728e+00 1.827149171461379895e+00
4.360563671813239672e+00 3.873268356573300153e+00
3.965860630065650039e+00 1.982327050226390108e+00
2.217504638825249952e+00 1.206228959741880047e+00
4.373223982360939566e+00 3.327511990083289906e+00
1.856211905445809940e+00 1.082260556622890002e+00
3.220592152753329884e+00 1.449614299772369996e+00
2.142369734052719910e+00 1.225550701812659904e+00
4.107746795173730092e+00 2.591980449278029841e+00
3.135944451049820003e+00 2.271966372911330190e+00
3.535624770203329881e+00 1.733686250687439978e+00
3.960562588010689833e+00 2.629049111307129927e+00
4.153031684345280361e+00 2.078457568687780199e+00
2.631976958520430010e+00 1.318028000652909926e+00
3.384299197219319932e+00 2.498515470186520204e+00
1.535401691873579999e+00 1.047469696965730002e+00
4.170489999229680222e+00 2.590213052424779949e+00
4.772670904586830076e+00 2.017120259709160202e+00
5.282701218588580439e+00 3.279002988848989997e+00
3.716400222034919931e+00 1.845119242644920110e+00
3.350181849429299863e+00 1.485538230123619963e+00
2.162572008464649809e+00 8.346114072178709709e-01
3.561414706692179966e+00 1.535757408133590074e+00
2.373533197141409978e+00 9.326656401414370468e-01
3.624861121222120008e+00 2.019269805093149905e+00
6.580031515404259679e+00 4.217314738591250389e+00
3.332015771227279988e+00 2.070216049061670116e+00
2.861065525579950197e+00 1.466953652099699967e+00
2.951248471691799935e+00 1.518313577110399937e+00
4.188167991241679822e+00 2.111678966168060168e+00
2.862881173922830147e+00 1.246654386798369929e+00
4.473938480928549843e+00 2.444436704042979969e+00
3.338974476487070131e+00 1.741051956914209997e+00
1.681118732255149961e+00 7.818157929669440342e-01
1.651704636002180093e+00 9.257434529619129604e-01
4.177888447954820172e+00 1.625542932300930055e+00
2.489557146245359842e+00 1.710361514456050003e+00
2.770824034204780073e+00 2.622228753546139934e+00
4.436256166048790028e+00 3.408400203631349878e+00
2.943339274800409910e+00 1.572264471192140078e+00
2.076104910402679860e+00 1.167018704159989984e+00
4.777877606408400091e+00 2.604375519190710087e+00
3.418445896468889966e+00 2.829780949110670019e+00
2.272729385741449892e+00 1.016380458640129936e+00
2.570921226873899901e+00 1.776233803970449943e+00
2.573999530574929917e+00 1.308418508778639966e+00
3.227377731711240205e+00 2.551630686348940191e+00
4.133533003354569857e+00 1.805703177876230026e+00
3.042992953903060016e+00 1.302763252114349957e+00
3.112401495116039918e+00 1.727570181532400051e+00
2.884915505287500181e+00 1.702487950130290084e+00
2.129379948404969802e+00 1.035203454462479966e+00
2.243598684317599901e+00 1.078059599018420078e+00
4.060113624461189730e+00 2.501573968634640099e+00
2.312845046976120145e+00 1.452632400341679952e+00
3.273016269054029870e+00 1.756232812860770043e+00
2.901118685376849804e+00 1.776146926692989902e+00
2.068642414406329788e+00 9.491859154429620471e-01
3.937774973847349980e+00 1.991006736500970042e+00
4.710025261181909784e+00 3.033113061730210003e+00
2.468329775478060206e+00 1.117034500228379912e+00
4.141792004262719651e+00 2.762920426245449868e+00
2.878204755247990132e+00 1.355160889582750050e+00
4.477804398735849567e+00 2.838334514606450032e+00
2.947193921634569946e+00 1.447720406199410004e+00
4.155687872125300331e+00 1.955876524436509944e+00
2.285075558027720000e+00 8.409126705441519745e-01
3.165523765971359982e+00 1.434121266881150047e+00
3.394110024423239835e+00 1.854753590390320062e+00
1.515935264252739945e+00 6.515043888504179481e-01
3.725241152609730211e+00 1.939209448816729964e+00
4.503904698453429667e+00 2.026180894334120186e+00
4.071576859449390184e+00 2.059336870655990026e+00
3.421890063118020020e+00 1.690595640041780090e+00
2.564027350548399919e+00 1.541058586161649924e+00
3.591558697571509917e+00 2.028687498790190169e+00
3.293868417783659908e+00 1.269114889561590021e+00
2.461343906275530014e+00 1.367057184179490070e+00
3.629602744954529836e+00 1.962455437385780099e+00
3.639625552309110113e+00 2.817863739627449959e+00
2.990251015328619921e+00 1.453605816085770108e+00
5.952991293047189991e+00 2.774556583707770141e+00
2.530956831904980220e+00 1.301325474563900020e+00
2.342323546089209785e+00 1.385350196127699940e+00
3.102592024957090189e+00 1.317070179382469952e+00
2.099283402140549981e+00 1.608064786839380034e+00
1.894001141294509916e+00 1.002250285570100097e+00
2.462690338314350136e+00 1.505597966157439904e+00
3.245990756312190140e+00 1.678043304442520034e+00
2.144018785887699785e+00 1.137003941558879960e+00
1.931367469263169934e+00 9.251206457851519627e-01
3.442561578855389826e+00 2.115013327518679986e+00
2.389312085338779923e+00 1.292895472489699937e+00
1.843155155967650005e+00 9.338814156735969485e-01
2.420929257334819784e+00 1.561171054371069955e+00
3.174329172011630007e+00 1.531192212999050062e+00
2.411777691261930201e+00 1.576995767060439979e+00
3.448171554949090112e+00 1.623340145957969938e+00
2.109228612588560203e+00 1.578701050074140078e+00
2.294095752034210012e+00 7.515823666923240332e-01
2.587180817388960108e+00 1.539165491736480096e+00
3.451108930755040216e+00 1.843624059015640082e+00
3.439830143809719853e+00 1.181852293582339897e+00
3.898660947931980036e+00 2.531408917209510001e+00
3.943532552807250013e+00 2.589066731736609839e+00
2.490119041677779865e+00 1.308422723953190037e+00
4.016761790799900034e+00 1.756484802942229972e+00
4.429098216318630321e+00 2.768131152441770215e+00
3.722021635594030098e+00 1.696614032807179928e+00
3.272188032159100146e+00 1.596471463557229908e+00
3.723830453322220180e+00 1.985941556413199915e+00
2.301776862556749847e+00 1.178833172941250007e+00
3.729139804539920000e+00 1.694351066510590087e+00
2.814536465304999791e+00 1.690173513371100000e+00
2.061526692801909810e+00 1.443478528314849907e+00
2.034360756750619892e+00 1.034925045247159892e+00
2.046519143200979940e+00 1.033897014548200044e+00
1.785794452493209894e+00 5.449929280118019914e-01
4.094735759132779762e+00 2.301634542809320116e+00
2.583417471150149858e+00 1.672432690080960072e+00
2.217550168897750140e+00 1.291533955148830071e+00
2.974424346316039802e+00 2.124395732850580032e+00
2.646221791617910046e+00 2.157167901079430017e+00
3.019809354877020180e+00 1.464073257064929967e+00
2.271297519963559886e+00 8.950092515701559837e-01
3.707058001013320059e+00 1.447105430749290100e+00
3.049976489568200222e+00 1.614905649016449951e+00
3.386629169125800143e+00 1.793580929329940066e+00
2.293311216885680182e+00 1.374290032853499932e+00
3.952513819773550097e+00 1.984660994122749988e+00
3.895259919733760068e+00 2.227499326806079871e+00
4.134742439638720235e+00 2.896668277356570176e+00
2.185506184210639802e+00 1.135369326056490102e+00
2.839513012281389859e+00 1.889010259467940100e+00
3.685586527368799992e+00 2.778339503368079999e+00
4.451263435658329826e+00 2.559518367406960149e+00
2.233438235986859866e+00 1.016716982258820012e+00
2.624074816752259842e+00 1.654600443328190007e+00
3.463163963721839878e+00 1.464587312559699983e+00
3.554871041757679873e+00 1.602430541227710004e+00
4.751193673204480383e+00 2.329055820108980157e+00
6.065891346189539846e+00 3.839063980477229965e+00
3.771622611284560111e+00 2.381604814979469964e+00
3.890255490865929922e+00 1.805498569605320069e+00
3.056048006272169992e+00 1.837614904611869937e+00
2.365811699597430096e+00 9.677537480680109550e-01
3.151748420229230074e+00 1.293682407355180031e+00
2.973716011094389877e+00 1.539668861299489988e+00
3.238532604209729993e+00 1.582622623883739976e+00
4.295870174701500233e+00 1.975044380631689966e+00
3.204731700343760092e+00 1.651383861047809987e+00
2.223666796427060000e+00 1.248313262062580087e+00
3.870227064722730148e+00 2.522611635058619850e+00
2.818588940452329883e+00 1.420089696392349943e+00
3.683892575481769960e+00 1.293159832811479948e+00
3.042133406724679912e+00 1.684186493212050051e+00
3.051751352293389896e+00 2.048048496742350011e+00
2.579620199851010209e+00 2.066149563127530175e+00
4.047800153966179870e+00 2.060542744657590131e+00
3.550360867562480038e+00 2.717736977259889830e+00
3.532973480129510069e+00 1.529556347723940002e+00
2.295713335156139845e+00 1.419404441343740109e+00
2.677832045000830163e+00 1.857872287181620008e+00
4.116482677578179761e+00 2.188501556975760209e+00
2.917917065200359872e+00 2.170040940541300145e+00
3.905878637038759926e+00 2.146296916212050210e+00
2.468775955740030170e+00 1.172258082964070081e+00
2.551977422773109794e+00 2.098267094158400070e+00
2.937617723067869946e+00 1.276265875341549894e+00
3.599582285248629887e+00 1.667316080676999990e+00
3.444621473266349820e+00 2.185473912472339908e+00
2.416591138287779827e+00 1.216853828027550044e+00
5.591917674883539746e+00 2.995749311416679994e+00
2.913611804328990029e+00 1.290236281624419945e+00
3.795513921022950043e+00 2.397365546734739894e+00
2.245290170662200158e+00 1.165567067858030104e+00
1.828759396167360052e+00 7.604822707535440207e-01
3.132968959521119867e+00 2.045090406549140205e+00
2.789894625203499956e+00 1.290822859845649928e+00
1.391632316568029992e+00 6.197394024618150254e-01
3.213050783091480067e+00 1.655070894650159996e+00
3.902186652196419914e+00 1.848920288377670085e+00
1.916436436884169980e+00 8.896601393915209988e-01
3.837039545094489856e+00 1.509966163657340044e+00
2.948294041768769969e+00 1.823679254055829979e+00
2.944081280372469855e+00 1.891626393428250008e+00
3.667366065023809796e+00 2.452807688260279839e+00
3.240293044823479907e+00 2.318902632338760039e+00
3.253054334723179952e+00 2.350205121224759885e+00
2.220567366993190017e+00 1.431073728337439954e+00
4.221686021604329930e+00 2.872787780153629900e+00
3.959318038353650149e+00 1.549046941541800004e+00
2.372750149818009913e+00 1.092531212816489905e+00
3.863947534673649820e+00 2.109670772669599792e+00
2.241321891226890184e+00 1.699563528717100036e+00
2.464291903711290033e+00 1.784233898003630081e+00
3.599299439915850218e+00 1.619513291388710030e+00
2.337303786942180217e+00 1.373932000171250056e+00
2.080563679432549939e+00 1.478098189567019993e+00
5.293794243645820075e+00 3.535743062021719840e+00
2.295631948870890060e+00 1.912362042279720065e+00
1.898629935179940054e+00 1.186512381405949945e+00
2.178904619990800207e+00 1.583785700925919970e+00
2.477339018146099914e+00 1.455360966427539982e+00
3.180455274104459829e+00 2.425584443096020060e+00
2.881355295483099876e+00 1.777029217136659955e+00
2.872182097598849904e+00 1.976791091701900038e+00
1.626978053055960105e+00 8.953953017932589908e-01
3.761299064204949971e+00 2.226091071051920167e+00
3.209240257650380013e+00 1.937730024107100046e+00
4.905291551595429844e+00 2.878595818191480138e+00
3.813391428614199885e+00 1.454941041793619938e+00
3.162057548857769795e+00 1.821751941161189992e+00
2.584589709788049916e+00 1.417946402578240006e+00
3.376858328919759789e+00 1.609794767899159984e+00
2.823666842210029948e+00 2.498427617722410066e+00
3.059420443693909863e+00 1.816755407740050066e+00
3.544295087203710004e+00 1.824976398383350018e+00
2.837075104183230057e+00 1.547483181785890061e+00
2.845822161365159975e+00 1.271464866665350080e+00
2.255798888247409817e+00 1.059626253978519950e+00
4.004055821879649812e+00 1.817920522388549953e+00
2.655461902123009921e+00 1.251923423382709899e+00
2.274631065566009802e+00 1.434601136965760082e+00
2.927639143808399957e+00 2.257719062916450081e+00
4.335253108119959897e+00 3.725667124082689963e+00
3.014466386335719950e+00 1.721311839386159948e+00
2.804610577205080002e+00 1.708552378575000086e+00
3.998428042784389902e+00 3.113694734436049938e+00
3.090084938147540150e+00 1.349690018165480065e+00
2.194269120866279899e+00 1.098550401340339988e+00
3.530915628713640064e+00 1.503320904133990110e+00
3.145241040816570077e+00 1.574359916275750004e+00
2.752071277427469820e+00 1.760935168865570111e+00
2.516481421034120203e+00 1.681317783954719980e+00
4.034515984093769880e+00 2.511520476814129932e+00
4.535879644519249965e+00 2.050630835890800086e+00
4.378999639680549727e+00 3.008023356560760142e+00
2.337012185239649931e+00 1.959551343084219965e+00
2.778624815791909786e+00 1.323865951642269945e+00
2.400901433634269999e+00 1.318456848060109987e+00
2.177041910278649794e+00 1.172724756753249942e+00
4.214812554438229775e+00 2.698710503242260028e+00
2.904169731476589966e+00 1.441730859283089972e+00
4.443017124998889678e+00 2.756995594583880216e+00
2.315974782638570151e+00 8.246647098525849984e-01
3.979470371255049876e+00 2.271069465557590039e+00
2.373966319487609944e+00 1.699373166462099904e+00
2.899547339195939877e+00 1.309764857865290066e+00
4.077128402947759689e+00 3.179177136519570013e+00
5.732561432463939788e+00 2.524222995492840127e+00
5.035496503933240220e+00 3.210121577759000200e+00
1.697122337205039910e+00 8.467545835802350318e-01
2.585852846762310087e+00 1.521221708820180041e+00
3.951496787470570204e+00 2.383809189090860148e+00
2.007970033808140098e+00 1.235367728092739981e+00
2.475958324765919816e+00 1.429678076341329929e+00
3.617096035278879906e+00 1.836335568322799983e+00
4.109152420779089709e+00 2.187079914022290072e+00
2.560505629673440087e+00 1.440616236957209972e+00
3.114693481129529928e+00 1.843098190385989987e+00
2.766766250811889982e+00 1.759426479292810042e+00
3.071381177707869892e+00 2.257835042852990082e+00
1.957688149545619982e+00 9.451711479717640474e-01
3.165984372711769801e+00 1.627067564239830011e+00
2.679431306622559905e+00 1.777240215474860108e+00
2.582471825474530025e+00 1.206084892958350085e+00
2.720077946740380170e+00 1.196705243223399995e+00
5.708992137469829586e+00 2.869729249489690215e+00
2.424614521748840179e+00 1.374403261004569998e+00
3.837570976590610083e+00 2.404485189332960182e+00
2.620778275233340171e+00 1.511908425741939954e+00
3.221471007006300180e+00 1.463110073445019976e+00
2.568895999025619936e+00 1.279462454402110039e+00
4.048946208526399637e+00 2.185144624486779819e+00
2.727648895617550195e+00 9.592058884648929640e-01
2.026876010148749963e+00 1.072823108117489932e+00
1.776435123102970026e+00 7.208546165068490108e-01
3.251228499983120024e+00 1.083845672135330007e+00
3.958586301236040050e+00 2.159307788400179895e+00
3.691126518805289969e+00 2.179312103303050030e+00
3.259257002424260197e+00 1.604652518441060050e+00
2.505504630054559811e+00 1.500989195330640014e+00
2.706570151423469905e+00 1.486465106012939907e+00
3.645657498641139860e+00 2.316668498365929807e+00
4.044833210327150042e+00 1.636659950355870086e+00
2.971059307330529808e+00 1.424778856471750066e+00
1.904828985031669975e+00 1.007304976067930014e+00
2.790297853586980015e+00 1.534792731081769945e+00
4.205375927024119775e+00 2.356305530003790061e+00
1.857750273051949952e+00 1.193508006603839933e+00
2.368201057902069806e+00 1.456869787753400036e+00
2.447526280199340043e+00 1.181440322285179922e+00
2.053436761623209872e+00 1.498881069620570106e+00
2.758592234993479941e+00 1.317794794474109965e+00
2.408460220267500063e+00 9.415115728104199722e-01
4.429464570135319690e+00 2.280649392914039897e+00
2.138383272177240002e+00 1.138097603570570104e+00
2.790952298378679863e+00 1.523218914994519890e+00
2.137402819952849864e+00 1.114832806175269919e+00
4.997111662325560033e+00 1.991448840658410102e+00
3.808158055772690176e+00 2.477115254746800055e+00
3.694988823306490033e+00 2.398955416382360095e+00
5.154163179869979849e+00 3.562865274824360107e+00
4.443555925822609609e+00 2.598103136867119911e+00
2.192868811071229995e+00 1.134524859695489996e+00
3.464459248572150152e+00 2.242595433968119778e+00
2.432949233104200193e+00 1.575085674903470068e+00
4.412647424700320009e+00 2.939942400646760046e+00
3.389505622811470165e+00 2.540355412563449988e+00
2.466119735399809887e+00 1.397059294381510108e+00
2.856423074767319825e+00 1.657279611519369977e+00
3.790599257018679946e+00 2.284106906316380137e+00
2.109791577152949849e+00 1.024749083893619961e+00
2.977498998033050182e+00 1.468739621444139942e+00
2.865175892817560133e+00 1.841894237591630068e+00
4.444891711171869986e+00 2.028753943987569919e+00
4.245151728703669747e+00 1.866717933136740060e+00
4.137762717936439572e+00 2.420512229392560055e+00
3.972755322900869857e+00 1.973341505257959927e+00
4.360280478415970329e+00 2.029544121532839807e+00
4.812293403047729790e+00 2.823125499816160122e+00
3.001017262494499960e+00 1.688295022850319960e+00
2.623387076065769818e+00 1.311461709583580104e+00
2.484443582609539902e+00 1.173546044669979915e+00
2.518954317728599790e+00 1.363068862265049974e+00
5.828904766340830435e+00 4.270148021365070434e+00
4.234237053633790104e+00 2.532474383181469779e+00
3.303884846244680151e+00 2.098652973887749962e+00
2.628110728020729869e+00 1.456162903873309933e+00
2.208473205406289885e+00 1.078210083858210044e+00
2.648842207315219799e+00 1.551317714714069984e+00
3.189693804845960212e+00 1.915667706518080049e+00
3.797170936900459814e+00 1.543116464902569929e+00
2.407780121984239852e+00 1.805563303220979909e+00
2.369485329749870139e+00 1.783959773388779979e+00
2.550886294599710169e+00 1.196970032379520044e+00
2.168145555801940016e+00 1.190259432172350085e+00
4.249448229912010433e+00 2.493889153866769792e+00
2.755419515981940126e+00 1.345693489546500032e+00
4.678011778067990178e+00 2.230473387767120119e+00
2.876034266290730113e+00 1.723568204412140092e+00
3.970158759567369966e+00 2.577796234817399945e+00
4.933640474767550188e+00 2.267889616604089831e+00
2.633237297678140187e+00 1.895101166209709920e+00
2.161192629582040059e+00 8.458631764201870462e-01
3.111760226317009881e+00 2.035338383986720068e+00
3.197039645430200139e+00 2.184415398699299793e+00
2.961063968289979975e+00 1.657850970827589920e+00
2.648444782705539957e+00 1.779279432557909990e+00
3.187814645675960179e+00 1.897118446839209938e+00
3.320313687727959984e+00 1.727791888524979891e+00
3.673504441157729783e+00 2.149779816724060044e+00
1.845912229856450093e+00 1.112625505248699964e+00
2.097909932202940197e+00 1.248080855586809923e+00
4.392840618952050136e+00 2.711056651824390151e+00
2.441629810208589824e+00 1.975455091194000090e+00
2.650752701305230108e+00 1.954592625131229999e+00
2.447843393585059868e+00 1.450763672384830061e+00
3.072501331796289925e+00 1.659620723545260024e+00
4.194248667371000217e+00 3.470312263836860200e+00
2.926542458080569897e+00 1.175721540041319901e+00
2.281729779995690155e+00 9.345465199770479625e-01
4.179348361439449988e+00 2.195087557004550050e+00
2.717727702896659991e+00 2.036376117574589806e+00
3.052504319574610214e+00 1.203518993245100033e+00
1.942784887609509958e+00 1.060560450020090029e+00
2.560984850482399988e+00 1.325916727698879916e+00
4.472222854098950151e+00 1.913517216580949976e+00
3.077520142075540033e+00 1.983974501348110042e+00
2.746655753821699797e+00 1.528934911464469915e+00
2.214742405665130143e+00 1.349292828834329994e+00
2.912376833029799883e+00 1.933039618023500106e+00
2.689985257351029890e+00 1.401574607700039943e+00
1.931151597527769992e+00 6.460871490747489565e-01
2.974980945165590196e+00 1.046688911166000047e+00
5.362290173605959609e+00 2.877997265221369894e+00
2.699058783321739874e+00 1.690418983534869968e+00
4.141035699116880409e+00 1.959780901385709928e+00
3.926919538243100138e+00 2.109381693300949934e+00
2.723526123414059974e+00 1.074721213733969893e+00
2.746625692998450052e+00 1.921582778421379922e+00
2.218729624125039823e+00 1.432615058121690099e+00
2.139450031415270015e+00 9.778952163960480393e-01
2.068174768874179836e+00 1.222755390319419933e+00
2.451397069164400033e+00 1.389494259167530110e+00
3.320692212560250045e+00 1.369678292025140021e+00
3.421103868508290180e+00 2.832998015476289932e+00
4.240231862334500335e+00 2.406817380246459859e+00
7.129683862003780348e+00 3.412282803624409944e+00
3.489601969617619925e+00 1.732180170659000096e+00
2.646458452889170143e+00 1.485351834294430073e+00
3.242845277906090118e+00 1.921318594736989960e+00
2.073977318607730158e+00 1.271514162504219891e+00
3.948622022949050070e+00 1.628891940822140061e+00
3.183838275845150001e+00 1.448232089379599907e+00
2.842855298637310124e+00 1.607099201929240051e+00
3.171625162834709855e+00 1.194188507863690019e+00
3.151125718853089896e+00 1.600845930894319924e+00
1.542530167074309899e+00 8.004367983601330394e-01
2.199342794504179910e+00 1.570547236917900102e+00
2.371440339508549933e+00 1.162934414958509910e+00
3.360207272924310207e+00 1.406937870802720036e+00
3.194432245461559905e+00 2.361197346288450127e+00
2.954088702683229872e+00 2.223498831841530077e+00
2.849404601873620102e+00 1.704593700305790049e+00
3.956537035276479930e+00 1.848982872888260021e+00
3.419457389388909974e+00 1.599284412042629944e+00
2.125992784217639819e+00 1.306062222351090041e+00
2.044698417512309963e+00 1.907891958138969946e+00
4.592596655434130426e+00 2.205667975814650017e+00
4.518595683218629588e+00 2.578492708844120074e+00
4.077128828435940378e+00 2.113103535180250070e+00
3.492884558951740104e+00 1.490968880548269926e+00
2.521326983058239879e+00 1.326531525897860053e+00
2.150766364181739831e+00 1.325671359645590019e+00
3.015078900260649952e+00 1.466116575641950082e+00
2.354099546324380121e+00 1.501509069023990062e+00
3.388429470567329904e+00 1.772919810935339902e+00
4.651763946684259743e+00 3.268716682575500077e+00
4.520462032660820029e+00 2.785747016325430092e+00
2.395771849784679830e+00 9.895365138479239597e-01
3.754300917340250177e+00 2.256379560140020057e+00
3.003836709583910025e+00 2.147519792526929816e+00
2.468820445513550066e+00 1.346092302592690082e+00
2.661551929772219882e+00 1.969331294937380017e+00
5.035332459925579762e+00 2.260737903539379978e+00
2.764863833458210074e+00 1.800849183275780030e+00
3.663907925312249958e+00 2.043938693746719881e+00
2.207762872598519888e+00 1.135455719888869952e+00
3.241390713084399966e+00 1.116359342170879954e+00
3.411375913541640159e+00 1.847426839499370033e+00
2.683307257676080138e+00 1.378580630820730013e+00
2.613909743545809850e+00 1.022698057197090060e+00
5.587564152379630222e+00 3.774186103836890016e+00
4.383461448390679749e+00 2.723304250227029932e+00
2.739404078716459967e+00 1.435823414098930106e+00
3.427514180197570148e+00 1.612943978095229935e+00
2.297105410627669819e+00 9.904831448643820480e-01
2.901531834708599877e+00 1.827612471319350007e+00
3.670809716591009852e+00 2.092998709555350167e+00
5.803272323552720380e+00 3.206531339681149895e+00
2.472550181619430187e+00 1.421718522242340077e+00
3.317685294060849888e+00 2.596436755743420033e+00
3.465022406970799995e+00 2.297330883936190116e+00
3.191779064772060082e+00 1.735484433600489984e+00
3.470204901017219790e+00 2.155859602023680210e+00
3.710265431626210031e+00 2.109884716134149851e+00
3.229422319416999976e+00 2.071850915896920053e+00
3.346713030590790172e+00 2.358342971474320038e+00
2.473283536858310150e+00 1.305571752625449999e+00
1.847687469188810105e+00 9.853871511376030012e-01
3.917952325881899789e+00 2.223383180951690186e+00
4.635449205474760248e+00 2.742592384256969940e+00
2.156252138957139852e+00 1.366610430471109972e+00
4.097348145604979841e+00 2.602312697835889921e+00
2.398051441599529987e+00 1.843941930859209988e+00
2.849594255074519911e+00 1.686979456956549939e+00
2.698877021271310017e+00 1.658986082382299942e+00
3.238742254162649825e+00 1.908641773782179918e+00
4.781593899592279762e+00 3.384538473218920096e+00
4.101279092702950102e+00 2.427610067169620134e+00
2.578348778919949957e+00 1.047538113812330085e+00
2.582235428025319912e+00 1.473723598486319952e+00
3.870830194266280166e+00 2.074929536501089800e+00
3.599168332793539982e+00 2.100912302619999839e+00
3.812429340553229906e+00 2.097041354342910058e+00
2.924871619362690023e+00 1.823821987159490066e+00
2.443559424288019866e+00 1.336646394969349894e+00
3.960229055262090014e+00 2.206118315127940210e+00
2.140827114992049918e+00 1.212847276301969979e+00
3.963235063769760202e+00 1.906246240546950022e+00
3.784609026543440002e+00 2.113306807425659795e+00
2.091613536572119791e+00 1.298753230404269932e+00
3.019931029081829976e+00 1.919036347546589916e+00
2.351532258644540185e+00 1.403388349646830013e+00
5.003936454345099705e+00 2.857333215610180055e+00
4.076521915174179611e+00 1.813694456734449956e+00
2.676489603610869850e+00 1.589315648978619988e+00
2.074794244701250179e+00 1.223798006617460077e+00
2.741543006867209975e+00 1.585682403905499971e+00
4.565190888006010361e+00 3.026921821314080052e+00
3.555575726804660164e+00 2.537053473416889915e+00
2.875192441157770062e+00 1.218661268723419955e+00
1.934292122072430065e+00 1.037515922464129936e+00
3.757789364490229822e+00 2.433550560228979975e+00
3.578411592908150141e+00 1.819371971182659919e+00
1.783926770565650077e+00 1.111184826802070091e+00
3.001182380194390209e+00 1.750365332802219953e+00
2.480545422937880051e+00 1.345914821800409999e+00
3.849582892568879977e+00 2.444354720179589879e+00
2.093559987270699807e+00 1.155883568785279980e+00
3.523726507901249860e+00 2.429115364878540184e+00
2.224918991890310060e+00 1.568229634635839975e+00
1.754787906523320062e+00 8.245597530962119892e-01
3.806147278439349968e+00 1.983809280446430012e+00
6.701327119813099920e+00 3.165906711919129979e+00
4.133952236118069834e+00 2.390282060333960068e+00
3.416115600536540065e+00 2.188243876584230030e+00
3.301006539741739854e+00 2.190025694907300036e+00
3.394412094790749901e+00 2.424013223696949826e+00
2.089196966778399833e+00 1.500772642600060047e+00
2.795293617122689867e+00 1.595487038863250051e+00
4.358940219242770198e+00 2.748057401645370046e+00
1.952259964396390046e+00 9.538495515734479735e-01
1.855361404709610085e+00 8.777577806616649880e-01
2.451824414157190102e+00 1.603672799209060029e+00
1.931403303151759898e+00 9.870844197729979896e-01
3.831811064300199909e+00 1.766223579314089909e+00
