0.9610 0.8492 1.1174 0.9453 1.0994 0.8353 0.8117 0.5563 0.9724 0.6778 -0.0607 0.7599 -0.0288
0.9884 1.1433 1.1136 1.0744 0.8306 0.8540 0.3922 1.6041 1.1283 0.9142 1.1355 1.3826 0.0027
0.9090 0.7570 0.9439 1.0053 1.4423 0.8341 1.4613 1.7152 0.9832 1.1631 1.0787 1.1148 -0.0470
0.9301 1.2646 1.0090 1.0808 1.7328 2.4567 1.1304 0.3719 0.6802 0.9439 1.2259 0.7792 0.0079
1.0534 0.9814 0.9462 1.0633 0.7509 1.6244 1.0446 0.9704 0.9769 0.8201 1.3674 1.3664 0.0302
1.1088 0.8830 0.9718 1.0187 0.8717 0.2005 1.0626 1.9216 1.0885 0.8922 1.7585 1.0969 0.0130
0.9907 1.1535 1.0757 0.9883 0.8186 -0.1950 1.6009 0.8427 2.0270 0.5687 0.8168 1.2932 0.0223
0.9033 0.7105 1.1290 0.9089 1.0575 -0.5304 1.7135 0.9430 0.3720 2.1474 0.3755 0.7614 -0.0930
0.9892 0.9816 1.0490 1.1211 0.8662 0.3115 1.1627 1.8393 0.8762 0.6933 1.2714 0.7421 -0.0420
0.7729 1.1100 1.0356 1.2113 1.1294 0.5046 1.4197 0.4906 2.0966 1.1441 0.5358 0.8192 0.0299
1.0984 0.8654 1.0346 1.0302 0.6301 1.0044 1.0914 2.6358 1.5212 1.1571 1.4931 0.5579 -0.0375
1.0302 1.0165 0.7396 0.6834 1.2840 -0.1354 0.7727 0.7126 0.7888 1.1174 0.9450 0.9438 0.0018
1.0164 1.1783 0.9457 0.8817 1.0131 0.4198 1.1970 0.4682 1.6818 1.1746 0.5501 0.4036 0.0457
1.0462 1.2397 0.8402 0.9005 1.2958 0.5976 0.8797 0.7621 1.3656 1.0038 0.8788 1.1509 -0.0357
0.9806 0.8107 1.0363 0.9457 0.9825 0.3865 0.8363 2.0154 0.7211 1.2701 0.1924 1.0699 0.0015
0.8435 0.8838 1.0922 1.1573 0.9396 -0.0059 0.7248 0.6461 1.8855 0.8393 0.7067 0.6915 -0.0062
0.8785 1.0074 1.0002 0.7577 1.1422 -1.0657 1.5683 0.5558 0.8369 0.5597 0.6193 1.3770 -0.0226
0.9601 1.2951 1.2032 1.0661 1.1075 0.4315 0.9777 0.8909 0.5455 1.6357 0.3282 1.2661 -0.0138
1.0042 0.9051 1.1149 0.9243 1.3037 1.2136 1.2387 3.9065 1.0571 1.5953 0.5008 1.1635 0.0083
0.7444 0.8611 1.1731 1.0439 0.5025 0.5213 1.4364 1.4935 0.9281 1.4285 0.9204 0.6680 0.0261
0.7893 1.0445 0.9355 1.1625 0.9299 0.9949 1.5622 0.9976 0.0723 1.3290 1.6932 1.6723 0.0261
0.8872 1.0016 0.8904 0.8453 1.7682 0.5298 0.5121 0.9599 1.5949 1.3423 0.5012 1.0375 -0.0286
0.8608 1.0976 0.9996 0.8674 1.2121 2.2079 0.4783 1.7774 0.2606 1.8499 1.2076 0.6456 0.0533
1.1750 1.0363 1.1396 0.8665 1.2874 1.3230 0.7462 1.7070 1.3692 0.7199 1.6564 1.0555 0.0318
1.1159 0.9683 0.8687 1.2034 0.9019 2.7173 1.3440 0.9792 0.5409 0.7599 1.4412 0.9643 0.0034
0.9148 1.0230 1.0575 0.9465 0.6168 2.5778 0.5900 0.3388 1.3353 0.7097 1.3553 1.0826 0.0027
0.9385 1.1991 0.9141 0.8438 0.9965 2.3917 0.2943 0.7278 0.4938 0.5961 1.2113 1.0434 0.0434
1.0150 0.9160 0.8420 1.1258 1.1195 0.6544 1.2236 0.5339 0.9181 1.0957 0.1470 0.6698 0.0219
0.9161 1.1718 1.0375 0.9378 0.7021 -0.3042 1.9786 0.4935 1.2725 1.7117 1.0862 1.4606 0.0230
0.9543 0.7806 1.0223 1.1936 0.7110 -0.6042 1.2713 1.4747 1.1962 2.6015 0.9890 0.7247 0.0262
0.7958 1.0335 1.1215 0.9124 0.7631 2.1325 1.3907 0.7161 1.3328 0.5212 0.9928 1.0494 -0.0178
1.0706 0.8866 0.9916 0.9084 1.3800 0.8438 1.3082 0.8223 0.7298 1.0455 0.4772 1.1514 0.1071
1.0348 0.6840 1.2867 0.8165 1.8370 0.2081 0.4328 1.0437 0.2491 0.7386 0.9308 1.2816 0.0079
1.2860 1.0614 1.0814 1.1219 0.9706 1.8417 1.0805 1.9747 2.3289 1.4565 0.9660 1.1282 0.0291
0.9383 1.0725 0.8019 0.9471 0.7296 2.4830 0.6426 0.5765 0.8266 0.3094 0.5221 0.9072 0.0144
0.8619 0.8718 1.0589 0.8599 0.7082 -0.7769 1.1788 0.6716 -0.1057 1.4043 0.6670 0.9601 0.0187
1.0131 1.1418 1.0146 1.0614 0.9339 0.1261 0.7547 0.5272 2.1264 1.9998 1.3708 0.5965 0.0375
0.9515 1.2358 0.8142 1.0152 1.0708 0.3566 1.3487 1.1985 1.0961 0.6673 0.4875 1.0847 -0.0265
1.1330 1.3320 1.2060 1.1895 0.9383 0.9815 0.8477 1.0178 0.4261 1.7568 0.7022 1.3138 -0.0089
1.1029 1.2618 1.1154 1.0515 1.1663 1.1900 -0.1159 0.5883 1.7346 1.1914 1.0361 0.8654 0.0454
0.8381 1.0638 1.0680 0.9606 1.2286 0.4828 1.0490 0.3558 2.0080 1.1580 1.1061 0.7515 0.0172
1.0028 1.2097 0.7820 1.0087 1.0283 1.2751 1.1753 1.2917 0.3657 1.1612 1.7150 0.7337 0.0019
0.9989 1.1038 0.8726 1.2189 1.1111 -1.1889 0.4548 2.8887 0.4471 1.2794 1.9717 0.3327 0.0140
1.0356 1.2241 1.0868 1.1309 0.7549 0.5868 1.0726 1.2469 1.7214 0.7749 0.4218 0.7272 -0.0054
1.1891 1.2518 1.0598 1.0081 0.8832 2.0525 0.2199 0.6870 2.0095 0.8550 0.5670 1.3654 0.0231
1.1017 0.9389 0.8839 1.0402 0.6653 1.5116 0.8324 0.7533 2.2043 1.6967 1.4785 1.5256 -0.0392
1.0614 1.0327 1.0939 0.7722 0.4121 1.4729 1.2913 1.2692 0.4788 1.0060 1.4527 0.7307 -0.0359
1.1437 0.8349 1.1727 0.8813 1.1003 3.0153 0.1368 1.0312 1.8491 0.9034 0.6189 1.5110 0.0142
0.7596 0.9882 1.1117 0.9640 1.4467 2.8388 1.2982 1.1011 -0.0474 0.4538 0.3823 0.7005 -0.0853
0.8738 1.3512 0.8135 0.7608 0.7541 3.0269 1.1049 0.4805 0.6422 0.8575 1.1556 1.0820 -0.0173
0.8750 1.0251 0.9545 1.0330 1.3783 1.3298 1.1882 2.5444 1.1059 1.8983 0.9808 0.6752 -0.0433
0.8751 0.9613 1.1713 1.0101 1.1664 1.5053 0.4756 0.4323 0.5349 0.9949 0.0992 1.2941 -0.0550
1.0246 0.9660 0.9671 0.9468 0.6356 2.2038 1.3030 0.6045 0.3155 0.7048 0.7763 0.5498 -0.0029
0.8746 0.8798 1.1007 0.8972 1.3380 1.2344 0.4162 1.1409 -0.1501 0.4549 1.3643 1.1930 -0.0155
1.0566 0.9591 1.0819 1.1363 0.9773 2.2916 0.8600 0.7451 1.2093 1.0630 1.1207 0.7757 0.0409
1.0896 0.9514 0.9617 1.0822 0.7679 0.8187 1.4640 0.7023 1.6194 1.5681 1.2383 0.6105 -0.0298
1.1408 1.2477 0.9182 1.0621 0.7924 0.0902 0.6010 0.7290 0.4607 1.2964 0.9310 1.0473 -0.0265
1.3254 1.0234 0.8606 1.0433 0.5004 2.0689 0.9948 0.7569 0.9011 0.5632 1.3065 0.4929 0.0031
0.9019 1.0934 0.9952 1.1073 1.3717 0.8229 0.7866 0.8359 1.9532 0.8762 1.3836 0.9815 -0.0025
1.0011 1.0519 1.1961 1.1076 0.9405 0.5020 0.3022 1.9575 1.0947 1.7504 0.9033 1.0281 0.0604
0.8743 1.1839 1.0614 1.1831 0.7400 2.3507 0.9454 0.5554 1.6321 0.6353 0.8638 0.8770 0.0099
1.1507 1.0791 0.9954 0.9659 0.8287 1.2095 1.0128 1.7863 1.2663 0.6005 0.4896 1.1518 0.0715
0.7956 0.8759 0.9488 0.9260 1.3362 0.4495 0.8106 1.3187 2.7191 0.6245 0.3618 0.7758 -0.0053
1.1532 1.2524 0.9525 0.9063 1.2489 3.7300 0.7896 2.4108 0.5654 1.1344 1.2300 0.7056 0.0245
1.1635 0.8174 0.9376 1.1730 0.6525 -0.1248 0.9935 0.7557 0.0856 0.8796 1.0064 1.3489 0.0646
1.1918 0.9218 1.2806 1.2536 0.8850 0.4626 0.4717 1.8968 1.8736 1.2069 0.6598 0.9455 0.0288
1.0007 0.9976 1.1252 0.9903 0.9028 1.4394 0.9589 2.6159 -0.1627 1.2894 0.8516 0.4877 0.0095
1.0175 0.9423 0.8778 1.0822 1.5311 0.3773 1.2739 0.9041 1.5556 1.0897 0.8355 0.7528 -0.0704
0.9042 0.5457 0.9720 0.8286 1.3724 0.8405 1.0289 1.2252 1.5326 0.3932 1.5238 1.1146 0.0154
1.1935 0.9599 1.1219 0.9696 0.8280 0.8138 -0.2137 1.9864 0.7046 1.5785 1.2464 1.5560 0.0064
0.9575 1.0838 1.0559 1.2141 1.4854 1.1061 0.9279 0.3510 1.3245 0.9618 1.2678 1.1950 0.0274
1.0818 0.9836 1.0861 0.9160 1.6984 1.1957 0.7394 4.3588 1.0708 0.7363 0.9811 0.7610 -0.0692
1.0548 0.9778 0.9609 0.8601 1.3202 3.8726 1.1676 1.0196 1.7606 1.1087 1.3002 0.8566 0.0239
1.0269 1.1291 1.1131 0.9945 0.3275 1.5096 1.2120 1.5730 0.4378 1.1337 1.1191 0.8120 0.0028
1.1734 1.2544 1.1123 0.9667 0.9089 0.8332 0.3171 0.9812 0.5679 0.8453 0.7858 0.7855 0.0221
1.0349 0.7512 0.9855 1.1592 1.0988 0.6514 1.1484 1.7979 1.8943 0.6617 1.1579 1.1853 -0.0011
0.9630 0.6869 0.9553 1.0158 1.3536 -0.6578 0.9226 0.6599 1.8613 1.6311 0.9821 1.1376 0.0180
0.9656 1.1164 0.9447 1.0571 1.2121 1.5683 -0.1352 3.3028 1.2540 1.0769 1.2893 1.1520 -0.0005
0.8237 0.8373 0.9512 0.8183 1.0803 1.5513 0.0705 0.7211 1.9088 1.3251 1.0516 1.3413 0.0071
0.8433 1.0061 1.0095 1.0590 1.1386 -0.6857 0.9607 0.5053 0.5844 1.6280 0.8638 0.6372 -0.0174
1.2109 0.7058 0.9502 1.1005 0.7301 1.1627 0.9822 0.8542 1.6527 1.4052 1.2164 0.6345 -0.0162
0.7991 0.6664 0.9448 0.8059 1.1213 1.6179 1.0235 0.8715 0.8515 0.6743 0.9067 0.4696 0.0123
1.0613 1.0372 1.1378 1.0463 0.5560 1.1330 0.4987 0.5306 0.9852 0.6295 0.7782 1.0493 -0.0080
1.1941 1.0384 0.9553 1.0341 0.7732 1.2503 0.8222 3.0505 0.9290 0.8584 1.3280 0.5308 0.0402
1.1140 1.0564 1.0526 0.5880 0.7835 -2.1858 1.1803 0.9871 0.9616 1.2709 0.8744 1.2467 0.0028
0.7774 0.9485 1.0101 0.9029 0.6167 1.8385 0.6378 1.6794 1.3272 0.5715 0.7029 0.7794 0.0409
0.8515 1.1483 0.9642 1.1659 0.9993 0.3739 0.7200 0.7246 1.1303 1.8528 0.8547 0.7705 0.0411
1.1055 0.8423 1.1342 1.2630 0.8233 2.7504 1.2204 0.9195 1.2726 1.0300 1.5594 1.0797 -0.0260
1.0017 1.2466 1.0685 0.8812 0.8202 3.1582 0.6536 1.2026 1.6497 1.2731 1.4009 1.9619 -0.0086
1.0360 1.0931 1.0059 1.0915 1.0334 1.6228 0.7954 1.1283 0.4221 1.1247 0.6871 0.7362 0.0029
0.8236 0.9377 1.0250 1.0301 1.2896 1.2706 1.4361 0.2106 0.6945 2.6005 0.7452 0.9694 0.0548
0.9791 1.0302 1.0610 0.9460 1.1704 -2.2674 0.5527 2.2824 1.3355 1.3722 0.7650 1.2642 0.0225
0.9083 1.2725 1.0574 0.8679 1.2185 -1.3106 0.4417 1.3702 1.3668 1.4985 0.8303 0.8573 0.0130
0.9291 0.9745 0.8084 0.7985 0.7340 1.4574 1.0306 0.5800 0.5239 1.4655 1.0194 0.7792 0.0510
1.0073 0.9212 1.0464 1.0169 0.6622 -0.9168 1.1668 0.4525 -0.5638 0.3663 1.3975 1.6706 -0.0109
1.0586 1.0283 1.2566 0.9567 0.8518 2.7397 1.2949 0.9898 1.5786 0.6353 0.7190 1.0254 -0.0476
0.9501 0.9004 0.9517 0.7735 1.2123 1.1526 0.8391 2.2417 1.4158 0.8612 2.1257 1.0513 0.0185
0.8669 0.9622 1.0506 1.1819 0.7683 -1.1643 0.8648 2.1921 1.4012 1.3357 1.5706 1.3385 0.0041
1.0377 0.8326 1.0063 0.8676 0.4175 1.5038 0.6619 2.0669 0.0336 0.4539 1.6412 1.3093 -0.0844
1.0956 1.3124 1.2099 1.0286 1.0416 1.4659 0.8117 1.3421 1.2961 0.5632 1.2963 1.0713 -0.0065
1.0577 0.8833 1.1449 1.0483 1.4220 -1.1863 1.0282 0.8076 1.2703 1.1748 0.2224 0.9059 0.0141
1.0131 1.0323 0.9051 1.1149 0.9861 1.7098 1.0410 0.2400 -0.5170 1.4504 1.0145 0.8616 0.0108
0.9764 1.0083 0.8964 0.8587 0.7697 1.3216 0.1675 0.7082 0.2997 1.0612 0.2784 0.6842 -0.0120
0.8643 1.3555 1.0769 0.9559 1.2490 2.8648 1.0874 3.4188 0.1346 0.9053 0.9896 0.9261 0.0035
0.9066 0.7745 1.0305 1.0599 1.2153 1.1939 1.0621 2.6004 1.0801 1.0863 1.6085 1.3358 0.0084
1.0366 0.8383 1.3274 1.1154 1.1606 0.6953 1.1498 0.8741 0.9875 1.3424 0.9430 1.1768 -0.0337
0.9741 1.1099 0.9132 1.0568 0.6994 -0.5003 1.1736 0.7733 0.3938 0.5562 1.3482 1.0024 0.0175
1.2966 0.7394 0.9047 0.8194 1.2881 0.1988 1.2136 0.9460 -0.5506 1.4919 1.2158 0.8535 0.0456
0.9878 1.2370 0.9968 0.9535 0.6148 1.7214 1.7341 0.6357 1.2686 1.0489 0.4001 0.8581 -0.0306
1.0384 1.2379 1.1327 1.0429 1.0677 1.9582 1.0629 0.9805 0.6619 0.7578 0.9959 0.8770 0.0172
1.0023 0.9303 1.1795 0.8556 0.7647 1.5283 1.3092 2.0397 1.2245 1.5231 1.3582 0.7410 -0.0099
1.0576 1.1205 1.0960 1.0716 0.1325 0.8618 1.3872 0.3474 2.1312 0.7120 1.4730 0.6420 -0.0556
1.0754 1.1632 0.8623 1.0995 1.0167 -0.1057 0.6338 1.2777 1.3526 0.8108 1.0242 1.2722 0.0387
1.0352 0.8016 1.0768 1.0734 1.0736 0.7117 1.0496 0.6849 1.0624 1.0974 1.4082 1.2843 -0.0510
0.9394 0.9104 1.1596 1.0367 0.8141 0.9158 0.6427 0.8544 0.8122 0.6726 1.0350 1.0925 0.0788
0.8512 0.8803 1.2648 0.8772 1.0604 1.7030 0.3919 0.7285 0.9368 0.7029 1.2765 0.9123 -0.0715
1.0839 1.0426 0.9068 1.1203 1.1116 -0.3314 1.6774 1.7546 1.4865 2.3415 0.6907 0.9089 0.0072
1.0984 0.8487 0.9292 0.8071 1.1954 1.6268 0.5133 3.0976 -0.1042 0.8539 1.1110 0.6851 -0.0063
1.1581 0.8661 0.8146 0.9596 0.7233 1.7887 1.8868 3.3510 0.2480 1.0707 1.4150 0.9847 0.0580
1.0279 0.9580 1.1418 0.9108 0.7383 1.4190 1.6998 0.9295 0.9031 2.7206 0.5877 0.9537 0.0087
0.9609 0.8372 1.0917 1.0882 0.9926 3.0389 1.3685 1.4483 1.5455 0.9265 0.5929 0.8471 -0.0568
1.1147 1.1304 0.8769 1.1059 1.4357 1.2807 1.3113 0.8264 1.7525 1.0491 0.6598 1.3238 -0.0254
0.9763 1.0582 1.0088 1.0434 1.5542 1.7612 1.0008 1.1392 1.8835 1.0791 0.8026 1.1142 -0.0462
1.0021 0.7914 0.8468 0.8972 0.9235 -0.5297 1.4623 1.1809 1.4652 2.0388 0.9266 1.1972 -0.0112
0.9525 1.1039 0.8316 1.1709 1.4365 0.5813 1.1910 0.4105 1.2147 1.3918 1.0808 0.7634 -0.0036
0.7611 0.7640 1.0846 0.7919 0.5912 3.1068 0.7720 0.4790 1.8165 1.4758 1.5168 0.7708 -0.0010
0.9807 1.1063 1.1253 0.9315 1.6968 1.2974 0.9220 1.3592 0.5288 1.1345 1.1012 1.0358 0.0007
1.2149 1.0963 0.9736 1.0560 0.9784 1.5246 1.5999 1.7011 2.2357 0.7565 0.8040 0.9547 -0.0447
1.0529 0.8907 1.0291 0.9091 0.7950 -0.1819 0.6755 1.1393 1.2158 1.3038 1.1752 1.3309 0.0684
0.9640 1.0640 0.7754 0.8701 0.6894 1.9260 0.7215 0.8060 0.8423 2.0580 1.4044 0.4483 0.0342
0.9000 1.1852 1.2124 0.8238 0.7150 0.1177 1.3690 0.4567 1.7738 2.1042 0.5845 1.4317 -0.0101
0.9983 0.7714 0.8666 1.1695 0.7783 1.9315 1.2731 0.4515 1.3669 2.2264 1.5379 1.5741 0.0227
0.9919 0.8474 1.1376 0.9078 0.5234 0.8427 0.9907 0.9256 0.9793 0.1983 1.6094 0.8382 -0.0007
0.9791 0.7989 0.8587 1.0695 1.0043 3.0039 1.3933 0.2717 1.3468 0.2716 0.8928 1.8864 -0.0189
1.0021 0.9379 0.9301 0.8145 0.9891 0.6404 0.4313 0.4554 1.3763 1.9168 1.3520 0.2635 0.0457
0.9210 0.8175 0.8951 1.0542 1.4035 1.1346 0.7289 1.0198 1.1965 1.2339 0.4129 0.6323 0.0115
1.1231 0.6384 0.9870 0.8897 0.9363 3.2414 1.3087 0.6250 0.7762 0.6895 1.6165 1.2758 -0.0511
1.0183 1.2320 0.9806 1.0740 1.6165 1.4132 1.1881 0.5757 3.1845 0.4356 1.2425 1.0794 0.0180
0.8708 0.9931 0.9738 0.7955 1.4457 1.6847 0.8282 0.3376 0.6232 0.5027 1.4103 1.0789 0.0064
1.1400 0.8812 1.1004 1.1205 1.6240 0.1111 0.3513 1.1595 1.4125 0.5667 1.2180 0.7400 0.0107
1.2001 1.0670 1.2597 1.0410 1.0005 -0.7180 0.7426 2.5436 0.9416 1.4219 1.4357 0.8178 0.0135
1.2006 1.0860 1.1615 1.1170 0.4913 0.8390 1.4015 0.3555 1.2396 0.9991 0.7963 0.8496 0.0303
1.0182 1.1060 0.9595 0.9580 0.2713 2.3781 0.9167 0.4993 0.0941 1.6533 0.9112 0.6084 -0.0337
1.0139 1.2284 1.0610 1.1168 1.1046 0.0269 0.9309 0.7409 1.5201 2.2802 1.2699 0.9273 0.0187
0.8900 0.9913 1.1237 1.2162 1.0168 1.1032 1.2927 4.1212 0.8808 0.5219 0.9629 1.4462 0.0467
0.9901 0.9925 1.0092 1.3234 0.8803 1.3595 1.1413 1.0074 0.5453 0.7635 0.7784 0.8459 0.0068
0.8093 1.0943 0.8757 1.1733 1.4287 1.4790 1.0393 1.5589 1.8729 1.0311 1.5977 0.8751 0.0192
1.0075 1.0155 1.1151 1.2324 0.9693 1.8320 1.3311 1.2197 0.8824 0.2841 1.6344 0.6829 -0.0057
1.2188 1.1816 0.8900 1.1039 1.0231 0.8494 0.2999 0.1101 1.1971 2.7355 0.5659 1.4688 0.0187
0.9997 0.8374 0.9025 0.9117 0.8861 1.5481 0.4331 0.7041 2.1735 1.4085 1.7285 1.1037 0.0099
0.9995 0.9817 1.0830 1.1865 0.5907 -0.4441 0.7675 2.1843 1.5719 1.8601 0.7681 1.0402 -0.0069
1.0454 1.1281 0.9254 0.9881 0.6933 0.8264 1.3940 0.7821 0.9558 1.3201 1.3510 0.9189 -0.0109
0.8830 0.8440 1.2093 0.9385 0.9662 -0.1341 0.6189 1.1700 0.2407 1.2341 0.6335 0.4753 0.0068
0.9644 1.0014 0.6838 1.1389 1.1155 -1.1120 1.5231 1.1261 1.2578 1.7586 0.7682 0.4684 0.0347
1.1002 1.1289 0.8748 1.0894 1.0686 -0.1350 0.5227 1.2251 0.6841 1.4685 1.1082 1.3864 -0.0008
1.1274 1.2936 0.9849 1.0186 0.9808 2.4956 1.1658 2.3328 1.0324 0.7905 1.0441 0.8458 0.0231
1.0403 0.6271 0.9505 0.8824 1.0918 1.3267 0.4191 1.1654 0.3982 0.4263 0.9373 1.0740 0.0090
0.7348 0.9640 1.0207 0.9673 0.8191 1.9453 1.6921 2.3801 0.9324 0.8747 0.5360 1.1229 0.0088
1.0759 1.0829 1.1406 1.0167 1.1564 1.0609 0.9635 0.9085 0.7173 2.3086 1.4652 1.2172 -0.0197
0.9175 1.2739 1.0110 1.3161 1.1382 4.2834 1.3034 0.8176 0.7590 1.1092 0.9238 0.8263 0.0083
1.0907 0.8432 0.9821 0.9410 1.3836 -1.1796 0.8135 0.9665 1.4057 0.8570 1.0597 0.9005 0.0249
0.8491 1.0059 0.9132 1.1059 0.3887 -0.6724 1.0157 1.6505 2.3223 1.1018 0.4254 1.2439 0.0214
0.9596 0.7533 1.1684 0.9776 0.8858 0.6900 0.6470 1.9020 0.8842 0.7398 1.8804 0.9333 0.0018
0.9556 0.8611 1.2436 1.0116 0.9765 0.2607 0.2729 1.6352 0.9962 2.3887 1.1179 0.9663 -0.0179
1.1309 0.9913 1.2084 1.1114 0.4854 1.0675 1.2347 0.3960 1.4869 1.1742 0.8583 0.6993 -0.0179
0.9408 0.6924 1.0304 1.0271 1.1095 -1.5166 0.6669 1.4151 0.4747 0.7245 1.5916 0.4980 0.0084
1.0150 0.8546 1.0132 0.9115 0.2790 0.0950 0.9627 0.9467 1.0447 0.9190 0.5779 1.6924 0.0057
0.9566 1.2719 0.9717 1.0225 1.0412 1.9997 1.0671 0.9683 0.7763 1.0434 0.8939 0.9003 0.0095
0.8722 0.8004 1.0884 0.9060 1.0524 -1.0892 1.0618 3.1726 2.5438 1.1737 1.4632 1.0208 -0.0331
0.6972 1.1488 1.1166 1.0232 1.1990 -0.3240 1.4389 0.3753 0.1721 1.7344 0.8412 0.2451 0.0052
1.0568 1.1205 1.0060 0.9733 1.0222 0.3186 1.3818 1.3807 0.1917 1.2885 1.0299 0.6248 -0.0019
0.9588 1.1085 1.1441 1.1521 0.8633 1.0251 0.6930 2.6999 2.2955 0.7271 0.9052 1.6698 0.0087
0.8922 1.0045 0.9835 1.0288 0.9483 1.2913 0.4493 2.4921 1.7670 1.2309 1.0143 1.2834 -0.0017
0.9731 0.8845 1.2127 0.9966 0.4438 0.4170 1.6899 1.4394 0.9119 0.7017 0.8672 0.2897 0.0083
0.8536 0.7625 0.9094 1.0766 0.8730 -0.6613 0.8454 0.9090 2.5317 2.1100 0.7611 1.1674 -0.0085
1.1133 0.8299 1.1272 1.1616 1.0913 1.0282 0.0846 0.4895 0.2663 0.9639 1.0182 1.1745 -0.0042
0.9756 1.0303 1.1917 0.8700 1.5262 1.1712 0.6524 1.8125 1.3900 2.0098 0.5911 0.6624 0.0682
1.1059 1.0224 1.0918 0.8152 0.9037 -0.1450 1.2472 1.6419 0.0885 1.0812 0.7396 0.9530 -0.0423
1.0582 0.8978 1.1030 0.9059 0.9416 1.6809 0.6970 2.1392 1.3083 0.8503 0.5024 0.7742 0.0591
0.8594 0.8541 1.0578 1.1602 0.9960 1.5664 1.2428 1.8196 0.7386 2.1712 0.9171 1.4896 -0.0321
0.9243 1.3469 1.1016 0.9244 1.1171 1.7428 0.3960 1.0196 0.4869 1.8072 1.5971 0.9732 -0.0028
0.9977 1.1047 0.9064 0.8781 1.1357 2.4940 1.4544 4.8021 1.1934 0.5310 1.1374 0.9122 -0.0127
0.8756 0.8780 1.0029 0.9463 0.2909 1.8134 0.2663 0.3289 0.9118 2.6697 0.2675 0.3113 -0.0014
0.9724 0.8499 1.0651 1.1104 1.0649 0.5560 1.0843 1.6295 1.2824 3.7970 0.9060 1.3614 -0.0040
1.0025 0.9111 1.0347 0.9010 1.2351 -0.3230 0.5931 1.5223 1.7471 0.4002 0.7334 1.3337 0.0234
1.1233 0.8491 0.9359 1.0797 0.8926 1.2008 0.9842 1.9630 0.5914 0.5900 0.6687 1.3162 -0.0178
0.9413 1.1601 1.0267 1.1968 0.7271 1.4438 1.2100 4.3173 0.5647 1.6057 0.5454 1.0707 0.0044
0.9333 1.2726 1.0441 1.0707 0.8980 0.5095 0.1770 0.5019 0.8864 2.1611 0.8422 0.9485 0.0077
0.8290 1.0894 0.8839 1.1977 0.8290 -0.9750 0.7942 0.4925 1.0827 1.9188 0.3575 0.5966 0.0002
1.0264 0.9802 0.8314 1.0469 0.8011 3.1070 0.5425 0.8887 1.4428 2.2614 1.9892 1.1411 0.0343
1.0364 1.0397 0.8353 0.8769 0.3371 2.3627 1.7285 0.3105 1.7295 1.3281 1.0447 1.2086 0.0235
1.1040 1.1181 1.0016 1.0880 1.2012 1.7068 0.7371 1.3006 1.0937 2.1032 0.7291 1.1369 -0.0517
0.9153 0.9606 1.1775 1.0629 0.7580 0.9729 1.1414 0.8566 0.7283 2.0089 0.7161 1.6979 -0.0013
1.0289 0.8575 1.0452 0.9633 1.0235 -0.3312 1.0537 2.2226 0.2268 1.6504 0.7867 0.7110 0.0358
1.0730 1.2623 0.7843 1.1006 1.3367 0.7841 0.7522 0.3160 0.9143 0.6271 1.1845 0.9379 -0.0081
1.0835 0.9335 0.9514 0.9225 0.7313 -0.7041 1.4301 1.1246 1.0171 2.2257 0.9742 1.3429 -0.0525
1.0728 0.7300 0.8892 0.9990 1.1360 1.6900 1.5982 3.9590 0.6554 0.3800 1.1605 1.4754 -0.0464
0.9488 0.6397 0.9079 1.1285 0.8235 1.7180 1.2485 1.0459 1.7592 1.3289 1.0598 0.8213 -0.0093
1.1861 0.7527 1.0422 0.9777 0.7525 -0.4807 0.3619 0.6425 1.0965 0.7450 0.6494 0.6896 0.0146
0.8299 1.2483 0.9738 1.0778 1.1090 1.2543 1.1376 1.1788 1.8300 0.5739 1.7278 1.3736 -0.0126
0.9111 0.8675 1.1612 1.0254 1.2000 -1.2106 0.8713 0.5653 2.0046 0.5456 0.5485 1.0659 0.0342
1.0246 1.3645 0.8651 0.9295 0.9022 0.9867 1.0693 0.7689 0.5878 1.8383 0.0719 1.1522 -0.0056
1.0417 1.0335 1.0228 1.0349 1.0547 2.4429 0.8610 2.0627 1.7819 1.0445 0.6925 1.0488 0.0024
0.8422 0.8516 1.0453 1.2232 0.8302 2.8402 0.6151 0.8095 0.9706 0.7834 0.4929 1.4621 -0.0206
0.9877 0.9531 1.2308 0.9214 1.2842 1.7582 1.9081 1.5727 0.9747 0.6539 1.4933 1.5357 0.0371
0.9428 1.0005 0.9279 0.9419 1.1045 1.2792 1.2634 1.5864 1.0197 0.5561 1.0667 1.1574 0.0213
1.1725 0.9136 1.0571 0.9245 1.3517 1.6586 0.9623 1.1839 1.0517 0.3490 0.5028 1.3036 -0.0039
1.0734 1.0145 1.0751 0.9694 1.0785 -0.5294 0.9618 0.8179 1.2561 0.5975 0.1737 0.4316 -0.0501
0.8274 0.8337 0.9724 0.8650 1.0750 0.4586 0.4174 0.9288 2.3661 1.3028 0.1499 1.7473 0.0212
1.0556 0.9122 0.8132 1.1401 0.1814 -0.0060 0.7273 1.3301 0.0907 0.7265 1.0995 1.0414 -0.0671
1.0307 0.6937 1.0002 1.1225 0.4119 2.6067 1.1627 2.6844 1.7681 0.6040 1.2733 0.5563 -0.0074
1.0428 0.9415 0.8930 1.1026 1.2222 1.2252 0.4331 1.2948 1.5410 0.5887 0.2083 0.9904 -0.0059
1.0525 1.1352 0.9981 0.8668 1.0550 1.2132 1.6783 1.0787 0.4405 0.7646 0.3309 1.1406 0.0158
1.0469 0.9127 0.8243 0.9151 1.1759 -0.2819 1.6471 0.9476 1.3892 1.4693 1.4045 1.3337 -0.0016
1.2106 0.6548 0.8868 1.0029 1.5103 1.3113 1.2079 1.3697 0.5751 0.7412 1.8549 0.6924 0.0075
0.6479 1.0822 0.8229 1.0694 0.8897 3.0530 1.5036 0.2932 0.9727 0.3400 0.9588 1.1253 0.0404
0.9125 1.1718 1.0342 1.0219 1.0003 0.4633 1.2896 0.2213 1.9378 2.0983 1.1618 0.7001 -0.0422
0.9223 0.8598 1.0001 1.0919 0.9143 1.5013 1.3341 1.5220 0.4722 0.4180 1.2556 1.2535 -0.0385
0.7262 1.5659 0.8090 0.9964 0.7287 -0.9308 -0.0037 1.5115 0.7599 2.0745 1.2582 0.9095 0.0089
1.2859 1.2300 0.9738 0.9136 0.6518 0.8810 1.0828 0.8841 1.5812 1.2516 1.0045 1.5580 -0.0057
0.9912 1.3006 1.0270 1.1674 0.1024 1.5064 1.3957 2.9629 0.5562 1.4299 1.2993 0.7588 0.0496
1.1519 1.0903 1.1226 1.1316 0.6246 0.4475 1.2345 1.1987 0.5115 1.2385 1.1378 0.8153 0.0369
0.8676 0.8215 1.0295 0.9325 0.8214 0.0842 1.4145 0.4339 1.3007 1.4052 1.4027 0.5337 0.0115
1.0314 1.0075 1.0448 0.9403 1.2703 -0.1286 0.4252 0.7065 0.9998 1.3669 0.9120 1.0514 -0.0659
0.9229 0.8562 1.1914 0.9560 0.9603 -0.1375 1.3946 0.4987 0.6427 1.2825 0.6384 0.5830 -0.0453
0.9457 0.8800 1.3413 0.8894 1.3386 2.9894 1.8531 1.6387 2.3792 1.9764 1.2935 0.7619 0.0006
0.8558 1.0634 1.2550 0.9754 1.7803 -0.3743 1.0452 0.6255 1.5224 1.3231 0.3991 1.0581 -0.0025
1.1197 0.9702 0.9115 1.0039 1.8009 -0.1340 0.6469 1.7667 1.8328 0.8552 0.8860 0.5713 0.0195
0.9783 0.8681 0.8176 1.1252 0.7953 0.0351 0.2058 0.5833 1.2979 0.4017 1.0473 1.4445 -0.0206
1.0451 0.9658 0.9338 0.8109 1.3883 0.9444 -0.1645 1.4388 0.9790 0.9586 1.4038 0.6550 -0.0135
1.0350 1.1366 0.7444 1.1708 1.2415 1.7492 0.7073 1.1661 1.4573 0.4997 1.1270 1.6348 -0.0261
1.2467 1.1014 1.1164 0.9285 1.3237 0.7971 1.9560 1.6798 1.2486 1.4155 0.6904 1.5398 0.0431
0.9422 0.9390 0.9119 1.0804 0.4150 1.0330 0.7629 0.4326 1.2922 1.1600 0.9510 0.9405 0.0592
1.1826 0.9739 0.9179 0.8533 1.0666 1.3791 0.1376 0.6564 2.2923 1.4233 1.0867 1.2098 0.0195
0.9173 1.1735 1.1277 1.2164 1.0662 2.3791 0.5342 0.7362 0.5056 0.4976 0.5866 1.1184 -0.0015
0.8106 1.0520 0.8337 1.1707 1.1588 2.5498 1.7907 1.1582 2.5402 1.1359 1.4954 0.4802 0.0069
1.0752 0.9390 1.0140 0.9840 0.8378 1.8017 1.4654 0.6132 1.5923 1.0837 1.8777 1.1128 0.0054
1.0879 1.1534 1.0075 0.9859 0.7313 0.7372 1.1743 1.7585 0.6369 1.2680 0.9868 0.9035 0.0138
0.9056 1.2501 1.0593 0.8806 0.9125 2.6915 0.8770 0.9449 1.9872 0.9090 0.7798 0.7877 -0.0102
1.2046 1.1851 1.0509 1.1264 1.5588 1.0137 0.9596 2.3038 0.7804 0.8030 0.9389 0.8853 -0.0137
1.0943 0.9548 0.8574 0.9916 0.4798 0.3771 0.8400 0.2226 1.7557 1.2563 1.1608 1.4791 -0.0103
1.1088 0.6801 0.9950 1.1535 1.2573 -0.1745 1.2229 1.3651 0.6510 0.9499 1.1911 0.8931 0.0215
0.8701 1.0933 1.1437 0.9526 0.8588 1.0563 1.7633 1.8518 0.7368 2.2648 0.6528 1.1572 -0.0231
0.9303 0.8872 1.1255 0.9670 0.6366 3.0560 1.5452 3.7304 0.8115 0.5649 0.6963 0.7758 0.0118
1.1167 0.9079 0.9726 1.1310 0.6411 1.9125 0.5983 1.3171 0.3091 0.9570 1.3539 1.0648 -0.0248
1.1459 1.0437 1.0412 0.9369 0.7306 3.2332 0.8673 1.1943 0.8233 0.6322 0.8385 0.8235 0.0015
1.0501 0.9849 1.0620 1.1712 1.0953 1.9300 0.7717 1.3997 1.3003 1.9694 0.2340 0.7550 0.0796
0.9917 0.8080 0.8297 1.1946 0.8024 2.3243 1.2297 0.4538 1.8962 1.3855 1.2367 0.7699 0.0320
0.9970 1.0265 0.8040 0.8786 1.3485 1.9687 0.7807 1.0950 2.1076 1.3027 0.9562 1.3018 -0.0227
0.8365 0.8981 1.0685 0.8948 0.8534 1.2790 1.0017 1.1776 0.3678 0.8126 0.8785 0.7704 0.0411
0.9092 1.2777 1.0678 0.9732 1.2607 0.9484 1.3354 0.6761 0.2193 0.5556 0.8768 1.3795 -0.0382
1.0380 0.8958 1.1415 1.0644 0.9894 0.5570 1.4879 1.7277 1.7779 0.5565 1.3461 0.7874 0.0340
0.8374 1.1769 0.9651 1.0056 0.5794 3.3564 1.0202 0.3045 -0.1457 1.1246 1.1199 0.4722 -0.0051
0.9409 1.0693 1.1085 1.1115 1.0545 1.2903 1.6406 0.8539 1.3481 0.6600 1.1476 1.0275 0.0055
1.0568 0.7622 0.8421 1.0764 1.0952 1.1242 1.5067 2.6448 0.4969 1.0366 0.5294 0.8135 -0.0456
1.0135 0.8642 0.8405 0.8857 0.8762 1.1071 0.2694 1.9970 0.1627 1.7364 0.6955 1.1051 0.0003
1.0855 1.1321 1.0685 1.0130 1.3021 2.8733 0.6453 2.0122 1.9757 0.7870 0.5739 1.2162 0.0432
1.0686 1.0002 1.0135 0.9752 0.6565 1.3461 0.8959 3.2703 0.8236 1.0012 1.6004 1.1291 -0.0086
0.7423 1.1532 1.0825 1.1970 0.8820 0.0521 0.5659 0.6885 0.9926 1.6797 -0.2195 1.0794 -0.0211
1.0425 1.0747 0.8969 0.6584 0.4048 2.3261 0.4846 0.7534 0.5883 1.3419 1.1989 1.1670 0.0037
0.9863 1.1417 0.9753 1.1974 0.8438 0.2285 1.4668 0.4075 0.9802 1.9115 1.2831 0.9227 -0.0271
0.9996 1.0820 0.8194 0.9394 0.8573 2.6831 0.3913 0.3528 1.5995 1.4955 1.2324 0.4133 -0.0406
1.1208 1.0658 0.9226 0.8879 0.9552 0.3122 0.8468 1.1244 2.4395 1.5851 0.8104 1.1089 0.0268
1.0600 1.0952 1.4116 1.3361 1.1354 2.4856 0.8148 0.5562 1.2703 2.0894 1.1777 0.8068 0.0035
0.8265 1.0109 1.1135 0.9824 1.2001 -0.6494 0.9675 0.3747 2.4159 1.6158 0.8917 1.3244 -0.0173
0.9716 0.9402 1.1048 1.2193 0.0490 -0.3908 0.6953 0.7558 0.7594 1.1076 0.4460 1.2145 0.0108
1.1446 1.0601 1.0277 0.8978 1.4710 0.3410 0.5530 0.8368 1.0473 0.6338 1.2182 0.7388 0.0291
1.0547 1.0900 1.0341 0.9856 1.2173 -1.3901 0.7437 2.3429 1.6986 0.9714 1.7510 1.2836 -0.0134
0.8887 1.2096 0.7258 0.9317 1.1083 -2.3191 1.7608 1.0772 1.2308 1.1972 1.4846 0.7257 0.0084
0.9538 0.9413 0.8082 0.8403 0.9045 0.7147 1.1424 1.6046 0.4387 1.0438 0.9829 1.2674 -0.0162
0.9989 1.0358 0.9502 0.7194 0.8741 3.3418 0.4473 0.4311 1.1982 0.7790 0.6277 1.5896 0.0067
1.1586 1.4446 0.9677 1.0928 0.9458 0.9304 1.1297 1.4043 1.7264 0.5759 1.4240 1.4914 0.0181
0.9249 1.1039 0.8644 1.0755 0.9654 0.7868 1.1902 0.6123 1.4412 1.1064 0.9208 1.1333 -0.0273
1.1371 1.1288 0.7751 1.1377 0.9350 1.4752 1.1484 0.6803 0.6760 0.8534 0.7661 1.1569 -0.0232
1.0820 0.6971 0.9911 1.0055 1.0578 2.0894 0.9631 1.1986 1.5982 1.5385 1.6118 1.2675 -0.0772
0.9494 0.9182 1.1198 0.9799 0.6807 1.0425 1.1765 2.2789 0.7533 0.6427 0.7880 0.9839 -0.0129
0.8755 1.1538 0.8571 1.0518 1.2427 1.9626 1.3015 0.5105 1.8741 0.6450 0.5194 0.7349 -0.0116
0.7927 1.1671 1.0571 1.0258 1.1591 1.1351 1.9657 0.9102 0.5795 0.8719 0.3036 1.0225 0.0328
1.0408 0.8619 0.9645 0.9956 0.8352 0.9343 1.6772 0.5194 1.2827 0.5075 0.4373 1.3477 -0.0015
0.9336 0.8779 0.9076 1.1042 1.1265 2.9039 2.0919 1.2000 0.1480 0.9525 1.5256 0.8589 0.0317
0.8956 1.0304 1.0776 1.0694 0.8456 0.2265 0.9443 1.1162 0.8496 1.0463 0.2088 1.3121 0.0591
0.8660 1.3587 0.8957 1.0916 1.0502 2.6249 0.6503 0.7377 2.6959 1.2061 1.3683 0.8639 0.0528
1.1821 1.0322 1.0807 1.0524 0.5894 -1.6997 1.4654 1.1555 0.9925 0.6007 1.2666 1.1025 -0.0408
0.8674 0.8460 1.1105 1.2166 0.5537 0.2892 0.2663 0.6649 0.3850 1.9738 0.8508 1.0175 0.0595
1.0847 0.9582 1.0924 0.9265 1.2372 -0.0027 1.2493 1.0302 0.6412 0.8520 0.6652 0.6455 -0.0040
1.1043 1.1523 1.0028 1.1324 0.7176 2.2080 0.2957 1.2299 1.2047 1.1955 1.0341 1.3525 -0.0206
1.1107 1.0701 1.1334 0.8582 0.8087 0.4575 1.1068 0.8791 1.9869 0.6596 0.9675 0.8310 0.0215
1.0336 1.0132 0.8682 1.0801 1.1844 0.9915 1.3117 2.4329 0.3508 1.3696 1.4469 0.7970 0.0146
0.9393 1.1083 0.9116 1.0443 1.2249 3.4052 0.6535 0.8380 2.8474 0.9248 2.0353 1.1928 -0.0107
1.0029 0.7845 1.1622 0.8618 0.9764 1.0290 1.1711 1.0125 0.8218 1.2478 1.2959 0.8980 -0.0334
0.9829 0.8022 1.0590 1.0876 0.7494 1.4828 1.7211 1.4272 2.9681 0.5534 1.3887 1.8098 -0.0186
1.0015 0.9134 0.8560 1.0336 0.6800 0.1503 1.1579 2.0004 0.4739 0.5373 1.1528 1.3151 0.0148
0.9560 0.9041 1.0662 0.8267 1.1587 2.8954 1.7554 1.2442 1.1798 0.9503 0.4097 0.7242 0.0247
0.9892 1.0873 1.1940 1.1142 0.8136 2.6554 0.9356 0.7751 0.8812 2.0362 0.6064 1.2746 -0.0014
0.9546 0.9486 0.8954 0.8658 0.9836 2.0269 1.1463 0.5784 0.5575 0.3319 1.0719 1.4589 -0.0152
0.9832 0.6428 1.1103 1.2372 1.5583 1.4547 0.3975 2.3935 1.9272 1.9009 0.3302 1.1336 0.0305
0.7374 1.0243 0.9432 1.1462 1.1023 0.2178 1.5328 1.2696 0.3622 1.1135 0.7696 1.2785 0.0368
1.3076 1.0264 1.0898 0.8077 1.2546 -0.6785 0.8129 0.7783 1.3854 1.2087 1.2835 1.1844 0.0375
0.9766 0.8890 1.0096 0.9736 0.9988 0.8816 1.8523 2.5832 0.5567 0.8407 0.9344 1.0964 -0.0345
0.8999 0.8310 1.0777 1.0261 0.7455 1.7966 0.7161 1.3677 1.6243 0.7602 0.9504 1.2083 0.0217
1.0790 0.9974 1.0177 1.0716 0.8983 0.6277 1.0991 1.5034 1.5573 0.4923 1.0756 0.7772 -0.0468
0.8770 1.0538 0.9367 1.1067 0.8530 1.6631 1.1865 0.4269 0.9007 0.6463 0.8452 0.8045 -0.0104
0.9684 1.1218 0.9843 0.9394 1.4838 0.9888 0.7783 1.0014 -0.1033 0.9667 1.1513 0.7915 0.0001
1.0024 1.1977 1.0567 1.0303 1.0227 1.6282 0.6039 1.3791 0.0606 0.9125 0.8562 0.6881 -0.0211
0.9705 1.0313 1.0313 0.8978 0.3756 1.3978 0.5679 0.6520 1.0973 1.0986 0.5253 0.9071 -0.0002
0.9849 0.8627 1.0413 0.9301 0.9436 0.8601 0.9938 0.6866 1.9509 1.2271 1.2467 1.0311 0.0190
1.0683 1.0549 1.0236 1.0768 0.5503 -2.1388 0.8555 0.6224 1.2606 1.7247 1.0099 1.2623 0.0163
0.9175 1.1807 0.9707 1.0137 0.7381 0.7352 0.7352 1.3907 2.5614 0.9682 1.1089 1.0944 0.0322
1.0778 1.0850 1.0604 1.1322 1.1376 -2.5791 1.1644 2.2984 0.5891 1.4687 0.7654 1.3316 0.0299
0.8234 1.2598 1.2491 0.8891 1.2884 0.1706 0.6884 0.9281 1.0129 1.0042 1.2359 0.4647 -0.0138
1.1219 0.7111 1.0114 1.1238 0.8032 -1.5187 1.1325 1.1520 0.7292 0.8633 1.2233 0.8934 -0.0517
1.0657 1.2057 0.9839 0.7299 1.1700 0.9473 0.1358 0.3769 1.4286 0.8694 0.6553 1.0494 -0.0142
1.1249 0.6724 0.9786 1.0169 1.4474 1.2820 1.1768 1.1533 1.2289 0.8898 0.4020 0.8419 -0.0581
1.0987 1.1005 1.0073 0.9251 1.2276 0.9374 0.4546 0.4617 0.5670 1.0433 0.9000 1.9378 -0.0460
0.9455 1.1903 1.0336 0.9790 0.7326 2.0889 0.6493 6.5161 0.8614 1.3387 1.3057 0.8486 0.0262
0.9029 0.8906 1.0151 0.6967 1.1111 1.4235 1.0101 1.2012 1.2049 0.5662 1.0339 1.0504 0.0396
1.0462 1.1641 1.1188 0.7649 1.3537 2.0509 0.7343 6.7213 1.6995 0.5540 0.7437 1.3910 -0.0024
0.8362 0.8546 0.9538 0.7748 1.5742 -0.2227 0.5607 1.6592 1.7632 1.3763 1.0858 0.8835 0.0219
0.7861 1.0589 1.1500 1.0318 1.2415 3.4362 0.6164 0.6727 0.6181 0.8876 1.5137 1.3833 0.0234
0.9472 0.9383 0.9958 1.0292 0.6521 1.0859 1.5496 1.2783 1.5396 1.0849 0.7822 0.8483 -0.0362
1.0163 1.0646 0.7962 1.0173 0.7560 -0.0206 0.9129 1.5245 0.7794 0.6540 0.7028 0.8187 0.0146
1.0487 0.7647 1.2683 0.9895 0.8728 0.3477 1.6644 0.3822 1.1962 0.6385 0.6345 1.3206 -0.0079
1.0093 1.1169 1.1330 0.9081 1.0485 1.6173 1.1354 0.6073 0.8255 1.1279 0.8620 0.7028 -0.0162
1.0014 0.9110 0.9685 0.9622 0.9161 -1.3611 1.7614 3.0710 0.9515 0.5310 1.2147 1.2285 0.0007
1.0004 0.8504 0.7026 1.0892 1.4231 1.0023 0.7485 0.3107 0.8277 1.4684 1.7899 0.7070 0.0536
0.7656 0.6925 1.0039 1.0382 1.1378 1.2026 1.5470 2.1584 0.2739 0.5550 1.6180 1.4200 -0.0270
1.1261 1.0597 0.9144 1.0739 0.8036 0.2239 1.0873 0.2941 1.3716 0.8211 0.7105 0.9702 0.0106
0.9538 1.0226 1.0808 0.9320 1.0805 0.8745 0.6945 0.8279 0.6158 0.9153 1.0979 0.7850 0.0052
0.8421 0.9781 1.0765 1.0382 1.0836 1.6528 0.7878 1.0552 1.2113 1.1333 0.8436 0.7713 -0.0212
1.0734 0.9628 0.9452 1.1100 1.3094 3.2163 0.8214 0.5327 0.8615 0.7802 0.8169 0.8519 0.0382
0.7953 1.1551 1.0747 0.9235 1.0036 0.5791 0.7931 0.8272 1.5613 0.8522 0.8735 1.1358 0.0541
1.2413 0.7933 1.0103 0.9124 1.2117 0.8028 1.2216 2.0794 1.8376 1.2763 1.3699 0.9829 0.0390
0.9915 0.9289 1.0271 1.1034 1.5378 2.5953 1.2342 0.8750 0.7302 1.8022 0.1332 1.0494 -0.0066
1.0360 1.0975 1.2501 0.8973 0.7335 -0.9492 1.8524 1.6597 2.1163 1.7116 0.6356 0.8052 0.0289
1.0064 1.0291 0.8726 0.9256 0.7709 -0.3815 0.9561 2.0500 2.6769 1.6420 1.6033 1.3368 0.0232
1.0358 1.1233 0.8850 0.8201 0.9071 0.0228 1.2037 0.4454 2.2992 0.4771 0.3994 0.3501 -0.0467
1.1372 1.2171 0.9422 0.8993 1.0851 -0.5109 0.8930 1.6742 1.5961 0.9079 0.6931 1.4511 0.0054
1.2182 1.0584 0.8267 1.0697 0.9797 2.6197 1.4429 3.2219 0.7073 0.9534 1.1417 0.7835 -0.0278
0.9233 1.0686 0.9409 0.9471 1.3919 1.4588 0.0767 0.4453 0.9235 1.7160 0.6083 0.9829 -0.0288
1.1265 0.7710 1.1370 1.0503 1.2619 -1.7785 1.6511 0.5186 0.1811 2.5448 0.6425 1.1077 -0.0530
1.0540 0.5578 0.8785 0.8659 0.4772 1.4795 0.6899 0.4122 0.3233 1.7131 0.8439 1.0989 0.0107
0.9948 1.2713 0.7664 0.9215 1.3070 -0.0423 0.8511 0.8543 2.1398 0.9038 0.4545 1.6157 -0.0162
0.7743 0.7572 1.1733 1.0587 1.1752 1.0135 1.5277 0.7045 0.1500 1.1437 1.4297 0.8169 -0.0469
0.8408 0.6645 1.0831 0.9781 1.3402 0.7380 1.0585 0.1491 0.8287 2.5961 1.4156 1.0350 -0.0014
1.0058 1.1038 1.1163 1.1036 1.3002 1.1602 1.2618 0.8958 -0.2226 1.6242 0.6124 1.2840 0.0452
1.0239 1.1579 0.8091 0.8641 1.5258 0.5122 0.5908 2.9924 0.9286 0.9385 1.3752 0.9164 -0.0516
1.2081 1.3553 0.9762 0.9418 1.0400 -0.0870 0.6788 0.6203 2.0208 0.9404 1.4368 1.2375 0.0001
0.9418 1.1623 1.1304 1.0282 0.9150 -2.0435 0.2141 1.0145 0.7340 1.3945 1.1271 1.0626 0.0259
0.9098 0.9899 0.8060 0.9780 1.2066 0.2153 1.3287 0.3919 1.5737 0.7307 0.9448 0.6168 -0.0526
1.0221 0.9785 0.9637 0.9187 1.0500 2.0057 1.8010 0.8010 0.6623 0.9250 2.0479 0.8894 0.0334
1.0571 0.9556 1.2655 1.0126 1.1695 2.5819 0.2566 1.5825 0.7849 0.4637 1.3778 1.3759 -0.0408
1.4038 0.9125 0.8988 0.9311 0.6527 0.0147 0.9979 1.6878 0.6527 1.1922 1.4631 0.9221 -0.0012
1.1958 0.5888 0.9821 0.9691 0.7108 0.7267 1.2949 1.5781 2.2102 0.8812 1.1462 0.7380 0.0011
1.1093 0.9288 1.0180 1.0543 0.9776 -0.7186 0.4063 0.4424 0.3049 0.8874 1.1234 0.9236 -0.0446
0.9060 1.0876 1.0769 0.8834 1.1203 -0.3437 0.7410 0.4949 0.8990 0.8894 1.8290 1.3868 0.0145
1.0155 0.9927 0.7788 1.0345 0.6221 0.4300 0.7143 1.1491 0.6926 1.3361 0.8574 0.8279 0.0243
0.8483 1.0940 0.8286 0.9097 1.0796 2.5209 1.2839 0.5776 1.8928 1.8810 0.7908 1.3031 -0.0578
0.9733 0.9980 0.9587 1.0982 1.0119 0.9609 0.4970 0.5865 0.3254 0.8081 0.7360 1.2365 -0.0100
0.9685 0.7232 1.2489 1.1575 1.1177 0.4365 1.6248 5.7309 1.0360 0.4184 0.5044 1.6374 -0.0247
0.9669 1.0152 1.0965 0.8759 0.8064 2.8210 0.2247 0.4545 0.6228 0.8088 1.2105 1.2859 0.0178
1.0556 0.5085 1.1521 0.9671 0.5024 1.4782 0.8812 1.4346 0.3737 1.0088 1.9030 0.8992 -0.0147
0.9278 1.1381 1.0945 1.0091 1.6454 0.6166 0.7008 3.7262 1.7449 0.9104 0.7156 1.5263 0.0568
0.9685 1.1585 1.0398 1.1769 1.1915 1.1948 1.2946 1.0209 1.2145 1.9076 1.6091 0.8326 -0.0197
1.1179 0.9204 0.8647 0.9816 1.2401 2.5656 1.2398 0.5667 1.0976 1.2813 0.5908 0.7009 0.0127
0.9874 1.0003 1.0267 0.8383 0.9630 -1.3923 1.5068 1.2094 0.7618 0.8531 1.5995 1.2695 -0.0561
0.8979 1.0314 1.1508 0.9697 0.7090 1.2278 1.9835 1.5904 0.5923 0.5834 1.4296 0.6569 -0.0153
0.8254 1.1404 0.9984 1.0564 1.1338 0.4930 1.1326 1.0425 0.8847 1.7629 0.7780 1.1951 -0.0014
1.1043 1.0037 1.1494 1.1438 0.8714 3.4316 0.9397 0.8795 1.3269 0.3146 0.1780 1.0628 0.0538
0.9127 0.9176 1.0029 0.9742 0.7222 1.7707 1.1858 0.5534 0.8226 0.8892 0.8794 0.8962 -0.0000
0.9109 0.9324 0.8233 1.1008 1.2148 2.7427 0.4720 1.8362 0.7189 0.4256 1.3349 0.8272 -0.0265
1.0389 1.0937 0.7933 0.9438 0.7450 1.6075 0.7460 1.3213 1.2165 0.4520 0.7858 0.9400 -0.0005
1.0417 0.9896 0.7891 1.0917 1.3264 2.6221 1.8122 0.7503 0.3939 1.6824 0.5965 1.0818 0.0094
0.9517 0.7950 0.8958 1.1378 0.6551 -0.8940 0.9733 0.2476 -0.3015 0.6462 1.8219 0.9632 -0.0083
1.0453 1.0213 0.9584 1.2656 0.8492 0.7039 0.4425 0.9610 1.5362 0.8832 0.5721 1.5153 0.0350
0.8079 0.8398 1.0742 1.0304 1.2213 2.4494 0.9844 1.6913 1.5434 1.9795 1.7145 0.7193 0.0586
1.0596 0.9890 1.1032 0.9886 0.9213 -0.4562 1.3571 0.5543 1.4999 0.7418 1.4615 0.9182 -0.0021
0.9530 1.2720 0.7629 1.2231 0.7181 1.5317 1.7934 0.6245 0.6197 1.3535 0.7054 1.4845 -0.0243
0.8619 1.1006 1.1718 0.8383 1.0867 3.2945 0.7367 2.8158 1.0789 0.9384 1.7581 1.5198 -0.0154
1.1447 0.9630 1.0945 0.8852 1.6112 -0.7618 0.3756 0.1798 0.8118 1.8866 0.7762 1.5008 -0.0339
1.1762 0.9292 0.9015 0.9351 0.9537 0.9202 0.4505 0.7504 1.5576 1.0269 0.9584 1.3580 0.0353
0.8720 0.8525 0.9992 1.0051 1.3201 -0.9009 0.8798 1.2924 0.2874 0.8556 1.0203 1.0508 -0.0379
0.9502 1.0162 0.9264 1.1189 1.1529 1.7786 1.1349 1.8225 1.4994 0.7876 1.5392 1.1781 0.0006
1.0504 0.9768 0.9293 1.1177 0.9650 0.8130 1.3625 1.3714 2.6551 0.7889 0.5129 0.7091 -0.0529
0.9128 0.9122 1.0431 1.0599 1.2011 0.4677 0.9256 0.9897 1.5552 0.9355 1.2591 1.1443 -0.0420
1.1967 0.9348 1.1257 1.0715 1.1341 1.5652 1.0723 0.8076 1.5730 0.4160 1.1095 1.0855 0.0369
1.1141 1.4430 0.9775 0.9983 1.1762 0.5563 0.6190 0.7788 1.3595 0.6649 0.4471 1.3918 0.0109
1.2381 1.0808 1.2165 1.0379 1.2298 0.7694 0.8531 0.3364 1.3423 0.6093 1.3261 0.8831 -0.0265
0.9720 1.0295 0.8730 0.9321 0.7832 1.9341 0.1651 0.7920 0.6914 1.4522 1.4205 1.1467 -0.0163
1.1258 1.0892 1.3339 1.1869 0.5252 -0.2158 1.5230 0.8335 0.8129 0.5792 1.2824 1.3684 0.0665
0.8728 1.0681 0.9715 1.1754 1.2204 0.0945 0.6598 1.0613 0.7905 1.4170 1.2631 0.8724 0.0068
0.9614 0.8726 0.9533 1.1651 1.0849 0.5304 0.6909 1.2008 0.7496 1.2327 1.0249 1.2375 -0.0062
1.0165 0.8403 0.7908 0.7358 0.7690 0.3932 0.7614 0.7626 0.9480 1.3745 1.1527 0.8315 0.0088
0.8997 1.3268 0.9020 0.9896 1.0232 -1.4283 1.0216 1.8432 0.6571 0.5285 1.3241 0.9024 0.0194
1.0055 0.9751 1.0164 1.0173 1.1472 -0.8458 0.4636 2.4822 1.2420 0.9996 0.9397 1.5425 -0.0184
1.1280 1.4388 0.9497 1.0912 1.1475 1.7898 0.6914 3.1529 1.7348 1.6493 0.8732 0.9632 -0.0105
0.8585 0.7522 1.0558 1.0227 0.9991 1.2408 1.3555 0.5071 0.4999 0.8737 1.2672 1.0336 -0.0010
1.0496 1.1950 1.1076 0.9907 1.4604 1.2628 0.6069 1.2499 1.1984 1.0963 0.6610 1.0634 -0.0141
0.9807 0.9986 0.8067 0.8078 1.3992 3.0149 0.4981 0.8102 0.5118 2.1018 1.4365 1.4623 -0.0277
0.9764 1.2941 1.1517 0.9883 0.5514 0.1391 1.6755 0.7625 1.5539 0.6874 1.1046 1.2360 0.0788
1.2124 1.0184 1.0466 1.1127 1.2218 2.1902 1.0953 0.5705 0.9548 0.5330 0.6137 0.6859 -0.0152
0.9189 1.1292 1.0299 1.1427 1.0408 2.2211 1.0378 0.3309 0.1927 1.1536 1.5723 0.6915 0.0261
1.0292 0.9457 1.2234 0.9643 0.8132 1.0267 0.6124 1.4344 0.6457 2.6183 1.6401 0.6998 0.0310
0.8412 0.7775 1.0584 1.1012 1.0231 -0.0472 1.6128 0.5439 1.2696 1.4056 0.2959 0.6581 -0.0225
0.9877 1.3278 1.1605 1.0077 1.7692 2.9369 1.6483 1.1136 0.0971 1.1916 0.7065 0.6358 -0.0151
1.0286 0.9749 1.0645 1.0731 0.4585 2.2624 0.7309 0.5939 1.0054 1.0339 0.1066 1.0050 0.0183
1.0371 1.1134 1.1373 1.0452 1.1501 -0.9116 0.6981 4.4093 0.5293 0.5112 1.4387 0.9788 0.0063
0.9464 0.8491 1.1732 0.8311 0.8137 -0.6495 0.9594 0.1793 1.3387 0.9162 0.5283 0.7171 -0.0363
0.9659 1.1471 0.8850 1.0146 0.9969 0.7999 1.2573 2.1282 0.5374 1.2729 1.1780 1.2493 -0.0319
0.8704 0.9136 0.8438 0.9803 0.9283 1.3121 0.9494 0.8046 0.8681 1.2767 0.8949 1.3566 0.0473
0.8993 1.0800 0.9022 0.7667 1.0056 0.9143 1.9766 1.3671 1.9418 1.7560 0.8452 0.9137 0.0030
0.9160 0.9360 0.9191 0.9490 0.8001 -0.4094 0.5910 1.3856 1.2419 1.6270 0.3602 0.4592 -0.0136
0.8611 1.1551 1.2331 1.0822 0.9958 1.9346 1.2329 1.9985 1.0264 1.7589 1.3822 0.4623 0.0320
1.0534 1.2131 1.2226 0.9036 0.6351 2.2343 1.3492 0.5565 -0.3339 0.7942 0.8272 1.0118 0.0031
1.1735 1.2612 1.0391 0.9309 0.9020 1.3898 0.8258 0.4621 1.8127 0.9714 0.3248 0.6173 -0.0269
0.7123 0.9013 1.0193 1.0930 1.2173 -0.7105 0.6728 1.0750 0.9499 1.5852 0.5028 0.4069 0.0479
1.1551 1.3138 0.9103 0.8436 1.3668 0.0701 0.6007 2.7775 1.5341 1.8840 2.0110 1.0704 0.0092
1.2475 0.9174 0.9645 1.0709 0.8496 0.8305 1.0626 1.0325 1.8178 0.4643 1.1813 1.2009 0.0295
0.9625 1.0578 0.9557 1.2893 0.8014 2.1397 0.0394 2.3646 0.6894 1.3556 0.2383 0.9699 -0.0101
0.9442 1.2288 1.0678 0.7534 0.9119 -0.5534 1.6385 1.9137 1.0811 1.0396 0.6159 0.9344 0.0068
1.1090 1.0846 1.0646 0.8398 1.0031 2.9239 0.2745 1.2451 1.4579 1.9667 1.0300 0.7353 -0.0016
0.9189 0.8130 0.8289 1.0504 1.8417 1.2550 1.6144 0.6569 0.5946 0.4658 0.9873 0.8931 -0.0198
0.8196 0.8679 0.9049 0.9930 0.4356 1.4401 0.4898 1.2421 0.2804 1.7062 0.8049 0.9393 0.0148
0.8298 1.1896 1.1255 0.8436 1.1664 1.8202 0.8764 0.3020 0.6836 1.0270 1.1406 0.6419 0.0131
1.0954 0.7275 1.1885 0.9902 1.1110 2.8235 1.4741 1.5269 0.7411 2.5557 1.3307 1.1874 0.0136
1.0356 1.1519 0.8943 0.9366 0.9214 0.6872 0.6566 1.5514 0.7147 0.3423 1.4200 1.4037 -0.0028
1.1452 0.7436 0.9326 0.7956 1.2742 1.7713 0.8102 3.6323 -0.1407 1.2186 1.3601 0.8931 -0.0092
0.9022 0.8780 0.8507 0.9844 1.4300 0.9991 1.5651 2.1530 0.1350 0.7271 1.8048 0.6851 0.0041
1.0098 0.8429 1.0995 0.8856 0.5944 0.0530 0.2278 1.3851 -0.0024 1.8325 0.7092 1.0335 0.0110
1.0140 0.8555 0.7339 0.8017 1.1017 3.0662 0.9615 0.6972 1.5838 0.5472 0.5272 0.7850 -0.0332
0.8097 0.9181 1.0408 0.9062 1.2943 -0.1032 0.9209 1.4002 0.5300 1.5314 0.7390 1.4065 0.0136
0.8315 1.0899 1.0479 0.9572 0.6242 0.5550 0.7205 2.4326 1.3946 0.4991 0.8507 1.0544 0.0164
0.8871 1.1374 1.0607 0.9824 1.2626 1.6389 1.3801 0.8623 0.8540 0.7934 0.5808 0.5933 -0.0230
0.8940 0.8425 0.9686 0.8989 0.7695 1.0882 1.0930 0.7141 1.2095 0.8237 0.9260 1.1532 -0.0087
1.0819 0.6583 1.1453 0.9205 1.1639 2.0167 0.0368 0.7698 1.2570 1.4767 0.9858 0.7381 0.0098
0.8381 0.4900 0.8887 1.3115 1.2506 -0.3452 1.7397 1.2827 1.5083 1.2373 1.5331 0.7979 -0.0508
1.1001 0.9031 0.9689 1.1031 0.9229 -0.1069 1.3214 0.7910 1.5324 1.5648 0.4512 0.9185 -0.0335
0.9936 0.7622 0.8894 1.2113 0.5303 3.2871 0.4651 0.9286 0.5698 1.6249 1.3931 0.5155 -0.0529
1.0430 0.8198 0.7957 0.9883 1.2226 -0.4830 1.5993 1.0650 1.7019 1.1898 0.8348 0.7842 -0.0167
1.2293 0.8697 0.9800 1.0522 0.9096 -1.9450 0.9137 0.6839 1.9803 0.4011 1.5107 0.5417 0.0352
1.3639 0.8347 0.8874 1.0189 0.8073 2.0435 0.9455 3.0576 1.7493 0.7789 1.2994 0.4399 0.0277
1.0097 0.8757 1.0951 0.9484 0.8020 -1.3376 2.3454 0.6121 0.9273 0.7062 0.7224 0.7644 -0.0597
0.8327 0.9961 0.9804 1.2654 1.2310 1.5873 1.4866 0.9907 2.4438 1.7192 0.3706 1.1134 0.0133
0.8526 0.7533 0.8270 0.9067 1.0408 1.2052 0.4435 1.5047 1.2373 0.6953 0.5674 1.1798 0.0350
1.0133 0.9784 0.8762 0.8152 0.6230 -0.3048 1.0538 0.5487 0.7463 2.0493 0.3258 0.9080 -0.0019
1.1873 0.7727 0.8859 1.0056 1.0268 -0.1912 1.3878 0.8516 0.7782 0.7695 0.3723 1.0022 -0.0413
1.1530 0.9974 1.0938 0.9355 0.9829 1.8454 0.9216 0.8753 -0.0492 0.8555 1.2150 1.3442 0.0311
1.0245 1.0843 0.9035 0.9623 1.3586 0.4517 0.5605 1.5562 1.2696 1.3691 1.1029 1.1393 -0.0389
1.1437 0.9084 1.0422 1.0851 0.9845 0.2773 0.4139 2.6582 1.6821 0.8126 1.4675 1.0119 -0.0230
0.8738 1.0090 0.9852 0.8479 1.0843 2.3406 1.8436 2.8758 0.7085 1.1822 1.2884 1.1844 0.0064
0.9461 1.2926 1.0883 0.8706 1.5307 2.3765 1.1691 4.0529 1.2624 0.5193 0.2261 1.0092 0.0133
0.9094 1.0521 1.0186 0.8107 1.0144 0.7323 1.9137 0.1882 -0.2022 0.5269 1.3065 0.7283 -0.0348
1.0125 1.1684 0.8872 0.9113 0.9792 1.0855 0.8259 0.9336 2.4139 1.0604 0.4135 0.9949 -0.0015
0.9765 0.9147 0.9120 0.9245 1.1690 -2.7477 1.2266 1.4050 1.1038 0.6918 0.9471 0.8796 -0.0388
0.9716 0.9766 0.8324 0.8935 0.8943 2.2096 1.1997 0.8726 2.3844 0.2643 0.9198 1.0830 0.0317
1.0062 0.9601 0.9400 0.9502 1.3026 -0.3561 0.9763 0.3632 0.1318 1.3480 1.4166 0.8393 -0.0116
0.9962 0.8764 1.0152 1.0020 0.9932 -0.4409 1.3592 0.8291 0.3633 0.2941 0.4484 0.6399 -0.0245
1.0749 1.2764 0.7669 0.8349 0.8041 -0.4321 1.6207 1.1323 2.0344 1.4756 0.7585 0.5657 0.0110
0.9616 0.8459 0.7849 1.1197 1.3483 0.3020 0.7258 0.5254 1.5636 1.7013 1.0170 1.3732 -0.0169
1.0884 1.0755 0.7499 0.9635 1.1555 -0.3724 1.0479 0.6193 1.5408 1.0662 1.0581 0.7379 -0.0203
0.8681 1.3075 0.9040 0.8692 1.0148 1.6531 1.4861 0.5438 0.9734 0.8746 0.9240 1.2659 0.0319
1.0654 1.1301 1.0957 0.9291 1.1349 -0.2988 1.5456 3.1424 1.2140 1.8804 1.0293 0.5703 -0.0216
0.9856 0.8201 0.9849 0.9489 1.0560 0.9406 0.8311 3.3390 0.7335 0.4939 0.5223 0.6277 0.0009
0.8603 0.9977 0.9986 0.7410 1.1099 1.9815 1.1748 0.7622 0.2380 1.0073 0.8967 1.0362 0.0105
1.0757 1.1412 1.2926 1.0181 1.3093 1.9858 1.2046 0.5822 0.6301 1.7537 1.1760 1.2144 -0.0430
0.8127 0.9623 1.1167 0.7500 0.5665 0.0653 0.8402 3.6584 1.3794 1.1855 0.2401 1.2588 0.0275
1.1811 1.2006 0.9324 0.9764 0.9712 2.6326 0.8266 1.5941 -0.7401 0.7072 0.5928 1.4451 -0.0292
1.0152 1.0743 1.0192 0.9348 1.1801 0.3001 0.8339 3.4368 0.0218 0.6469 1.0516 1.4415 -0.0273
1.2664 1.0032 1.1735 0.9529 0.6887 2.2959 0.7803 2.0875 0.7192 1.0750 1.3232 1.1764 0.0176
1.1626 1.3371 1.0131 1.0197 1.3792 -0.2162 0.9889 0.6503 0.5239 0.5673 1.5145 0.8816 -0.0000
1.0963 0.8728 1.1693 0.8268 1.2786 0.6553 0.9772 0.5772 1.4244 1.6172 1.2370 1.2514 0.0222
0.7209 0.8767 0.8709 1.2507 1.4028 0.6592 0.7442 0.8727 0.6303 2.6223 0.6463 1.0096 0.0174
0.8999 1.4592 1.0098 1.1374 1.2102 1.0099 1.2025 1.2282 0.9557 0.8370 1.1164 0.4690 0.0407
0.9582 0.8426 0.7798 0.8844 1.6361 -0.1373 1.1382 0.5501 0.5941 0.9445 1.3424 1.0798 0.0280
0.7853 0.8580 1.0599 0.9726 1.1866 1.6176 0.9578 0.4906 1.1098 0.5795 1.0779 1.3931 0.0089
1.1079 1.0398 1.0293 1.2072 1.0011 0.0518 0.3126 0.9980 0.8333 2.8268 0.7393 1.2434 -0.0292
0.8500 0.7128 1.1766 1.0009 0.7153 3.6270 1.2605 0.9872 0.6244 0.5466 1.7354 0.6329 0.0307
0.8536 0.5789 0.8117 0.7522 1.5028 2.6579 0.5767 0.9444 0.8533 0.5116 0.4376 1.3793 0.0088
1.1302 1.3187 1.0480 0.9379 1.2892 2.2065 0.9421 0.6002 1.6698 2.5283 0.9234 0.6931 0.0020
1.1586 0.9965 0.7423 1.0249 1.2178 2.5848 0.5096 4.0445 0.9072 0.8359 1.1830 0.5363 0.0640
0.9681 0.9961 0.9141 1.0751 0.6719 1.0574 1.1263 0.5603 0.8728 3.2373 1.1245 1.1922 0.0554
1.3028 0.9397 0.8105 1.0002 0.9649 1.4832 1.4209 0.8306 0.4696 1.6819 1.8908 1.2451 -0.0036
0.9845 0.7989 1.0396 1.0984 1.1730 1.6139 1.2913 0.5995 -0.0631 1.9010 0.6721 1.0875 -0.0505
0.9522 1.3307 1.1038 0.9116 0.8645 0.7968 1.5177 2.3403 1.3182 0.9000 0.8993 0.4358 0.0462
0.9523 0.6349 0.9556 0.9693 1.5120 0.7344 1.2003 0.9453 0.7542 0.7497 1.4037 0.8109 -0.0177
0.9775 1.2323 1.1191 1.1701 0.9006 -0.7957 1.2067 0.8015 1.3055 1.4548 1.5147 1.1271 -0.0291
1.1081 0.9712 0.8975 1.0071 1.1991 1.5992 0.9173 0.8685 2.3880 1.5828 1.0589 1.8930 0.0228
0.8884 0.8098 1.1447 1.0295 0.6004 2.7277 1.2756 0.8078 1.2969 0.6352 0.7561 1.6390 0.0056
0.8140 0.9739 0.9812 1.1605 0.8812 0.8852 0.7791 1.7170 0.5032 5.1371 2.0258 1.2663 -0.0016
1.1024 0.8904 1.1232 1.0005 1.4511 1.0809 0.1075 0.7099 0.9572 0.6332 0.0214 1.3556 -0.0181
0.8521 0.7253 0.9310 0.8981 1.3606 1.0642 0.8088 1.4635 0.4601 1.0175 0.4705 1.2477 0.0241
1.0851 0.9989 0.9816 0.9617 1.4301 2.6292 1.5806 0.5452 0.1011 1.2614 0.7661 1.4817 -0.0399
1.0410 1.1376 0.9409 1.0122 0.6752 1.9164 1.1903 1.1195 0.8169 0.7974 0.8120 0.4787 0.0086
0.9817 1.0187 0.9766 1.1067 1.1184 1.9347 0.6706 4.8312 0.9161 0.4423 0.9172 1.2882 0.0047
0.8435 0.8791 1.1206 0.9028 0.7740 2.9391 1.0328 0.6404 2.0781 1.0532 1.2433 0.3886 0.0040
0.8911 1.0403 1.0731 0.8877 1.1172 0.1839 0.8182 2.4685 1.5811 1.6949 0.8111 1.1295 0.0522
1.0396 1.0604 1.1164 1.0363 0.7928 1.9014 0.2194 1.9304 1.7835 1.0549 1.2123 1.3424 0.0256
0.8157 1.0176 0.8792 1.0095 1.0587 2.9756 0.8619 1.9820 0.5240 1.8022 0.5049 1.7193 0.0219
0.9564 1.0715 1.0407 1.0095 1.0334 2.3987 0.7184 0.6520 2.5804 0.9976 -0.0732 0.9565 0.0309
0.9221 0.9456 1.0338 0.9622 0.7062 0.3998 0.8639 2.3174 0.0294 0.5344 1.3172 1.3852 -0.0057
1.0826 1.0694 0.9911 0.8049 0.9211 0.6240 0.5237 0.9235 0.6786 0.3164 1.7266 1.6264 0.0007
1.1973 0.9503 0.8399 1.0392 1.1448 0.0402 0.7303 1.7992 0.7199 2.0431 1.3435 0.5554 -0.0135
0.9886 1.1845 0.9600 1.0490 1.4067 -1.0403 0.3832 0.3584 1.7066 1.1735 0.8985 0.5913 -0.0464
1.0035 0.9734 1.1015 0.9578 1.1739 2.2893 0.5741 1.0427 0.9266 3.5677 1.0366 1.4703 -0.0041
0.9262 1.1245 0.8851 1.0805 0.8241 1.6871 0.2774 1.3829 0.2187 0.7271 1.5244 0.4780 -0.0365
0.8647 0.7911 1.0719 0.9541 0.7291 1.1885 1.0884 1.8416 1.5487 0.5351 1.7057 1.1032 0.0185
0.8644 0.7958 1.0667 0.7650 0.9934 0.6106 1.0089 3.3505 0.5665 1.2073 0.1064 1.2121 0.0045
1.0825 1.1523 1.0762 0.9445 0.9269 -1.2515 0.4715 0.7919 2.1188 2.5424 0.6758 0.7920 -0.0284
1.0691 0.9297 0.7837 1.1657 1.3181 1.3952 1.1418 0.3349 0.3812 1.3804 0.8028 0.9501 -0.0104
1.1818 0.8791 1.1874 1.0446 0.7734 2.0239 1.0865 0.7880 1.1057 0.6423 1.3068 1.0494 -0.0151
1.0996 1.1850 0.9061 1.1542 0.6140 1.3653 0.4686 0.5968 1.7030 2.0368 1.7767 1.5389 -0.0649
0.8321 0.9777 1.0314 1.1783 1.0527 -0.0724 1.1272 0.2256 1.3114 2.0669 0.7060 0.6360 0.0508
1.0864 1.1569 0.8843 0.8806 0.8669 2.1485 1.2295 0.5823 -0.3590 0.7399 0.8006 1.1163 0.0129
0.8296 1.2372 1.0692 0.9753 0.7750 0.1205 1.0950 2.4816 0.5817 0.8459 0.8788 1.1128 0.0060
0.7608 1.1108 0.9969 0.9265 1.3244 1.5895 1.2948 0.7755 1.4781 0.9251 1.3372 0.9425 -0.0015
1.1678 1.1580 0.8228 0.9346 0.9689 0.5532 1.1617 1.1695 0.2210 1.2087 0.9456 1.3019 0.0428
0.9871 1.0211 0.9730 1.1060 1.2756 2.3583 1.0804 0.8846 0.7838 0.4584 1.1948 1.4875 -0.0209
1.0720 0.8457 1.0521 0.9042 0.6079 -0.8875 0.7862 1.9730 1.2200 0.5808 1.0124 0.8930 -0.0125
0.9112 1.0660 1.1260 0.9847 0.9753 0.9421 1.2257 2.4940 0.8439 1.5624 1.0419 0.3729 0.0030
1.1400 1.0448 0.8816 0.8828 0.4187 1.2558 1.6065 0.1873 1.3475 0.7487 1.2855 0.5367 -0.0026
1.0341 1.0350 0.8514 1.0893 1.4801 2.1672 1.3077 0.9112 0.9564 1.1859 1.0769 0.9201 -0.0239
1.0689 0.9904 1.2107 1.0274 1.0824 0.0539 1.6703 1.0776 1.6959 0.5811 0.4218 1.0368 0.0308
1.0155 1.0752 0.9511 1.0663 1.1274 1.5100 1.7674 1.6419 0.7821 1.2059 1.0390 0.9797 0.0442
0.8255 1.0447 0.7336 1.0817 1.0976 0.6631 1.0714 0.4564 0.6663 0.4043 1.0136 0.7083 -0.0090
1.0164 0.9248 1.1387 1.0891 1.4078 1.4346 1.1085 0.7307 1.8113 2.1962 1.2210 0.2357 -0.0567
0.9876 1.4667 0.9522 0.9231 0.6665 1.1135 1.6488 1.1786 2.2801 0.5834 1.2604 0.7922 0.0012
1.1672 0.9347 0.9121 0.7882 0.7765 0.0905 1.5112 1.0415 0.8954 1.8831 0.4850 1.1184 0.0199
0.8982 1.1885 1.0487 1.0501 1.1238 0.8567 0.9794 0.5566 0.2041 2.1723 1.0759 0.5232 0.0726
0.7476 1.1673 1.0743 1.1006 0.3229 2.8958 1.8780 1.6885 1.9372 1.4714 0.6365 0.7460 0.0020
0.8998 1.0232 1.1399 1.1899 1.5740 0.1688 1.4836 1.2157 0.5050 0.6732 0.4886 0.7928 0.0062
0.7872 0.9453 0.8729 0.8689 1.4780 0.8259 0.4373 0.6493 1.7157 3.0842 1.3332 0.8036 -0.0268
1.1080 1.1535 1.1281 1.0223 0.9514 1.9585 1.0624 0.3635 1.5224 0.6466 1.0189 1.3002 0.0029
1.1528 0.6270 0.9019 1.0083 0.8227 -0.5743 0.9561 1.1159 0.2559 2.3063 0.4824 0.9041 0.0290
0.8724 0.6115 0.8270 0.8569 0.6618 2.7729 0.9916 1.0859 0.9243 0.4924 0.8312 0.8091 0.0274
1.0836 0.9468 0.7531 1.0084 1.0954 0.2507 0.9680 2.5431 1.0484 1.9362 0.4860 1.6344 0.0220
0.8754 0.9468 0.8902 0.8625 1.4179 -1.8352 0.8027 0.3691 0.4259 0.7174 0.5359 1.0503 0.0219
1.0891 1.2250 1.1245 1.0527 1.0219 0.8790 1.3512 0.8182 1.7151 0.5237 1.6558 1.0696 0.0137
1.0290 0.9235 1.1516 1.1178 0.8337 3.7911 0.6104 0.6170 1.5219 0.6971 0.5990 1.2106 -0.0244
0.9517 1.2974 1.1429 0.6351 0.5815 -0.0454 0.8731 0.5724 1.4139 1.6599 0.7688 1.2561 0.0102
1.0438 1.0870 0.9530 1.0172 1.0172 1.9782 1.4493 0.8295 0.9073 0.9555 1.2965 1.1902 -0.0505
0.9610 0.8721 0.8097 0.8687 0.9366 2.2109 0.9968 1.2055 1.1639 0.8350 1.7345 1.2404 -0.0661
1.2142 0.9181 0.8673 1.1076 1.0338 0.5943 0.8935 1.5268 0.0008 0.9502 0.9713 1.2705 0.0335
0.9835 1.0788 1.0343 1.2328 1.3587 0.6188 1.0169 1.0258 1.5147 0.7030 0.8985 0.7967 0.0316
0.7371 1.2813 0.7106 1.0875 1.0132 0.5815 1.5071 0.6430 1.1294 0.3776 1.6247 1.1647 -0.0051
0.9898 0.7207 1.0401 1.0074 0.7913 -0.4386 0.6632 1.1297 1.1220 0.9478 2.1771 0.8018 0.0062
0.8340 0.6302 0.7377 0.8580 1.1492 0.0796 0.6029 0.3366 0.6856 0.9148 0.2451 1.6863 0.0001
0.8881 0.8349 1.1287 1.0124 1.4044 2.1120 1.3034 1.6359 1.8054 1.3466 1.2755 0.8749 0.0150
0.8359 0.8110 0.9104 1.0782 1.0596 1.2722 0.8045 1.1348 1.9989 0.3392 1.5224 1.4596 0.0311
0.9598 0.8339 0.9664 1.0895 1.2271 1.5010 0.6506 0.5423 0.8925 2.7865 0.6695 1.3280 0.0164
0.8870 0.8785 0.9365 0.8738 0.5971 1.8265 0.9699 1.6431 0.3839 1.3383 0.7586 1.2162 -0.0368
1.0237 1.3892 0.9562 1.0792 1.0203 0.7538 0.6810 2.5940 1.2487 0.9698 1.1947 0.6081 -0.0497
0.9258 1.1727 0.9368 1.0019 1.4536 3.0694 1.0394 1.6566 0.4634 0.9117 0.8244 0.8198 0.0242
1.1198 1.2384 0.9301 0.9995 0.6214 2.0020 0.5667 3.7893 0.8468 1.2038 1.3197 1.5865 -0.0159
1.0491 1.0882 1.1213 1.0294 1.0528 1.3890 0.6533 0.9127 -0.0717 0.6406 1.0332 0.4594 -0.0198
0.9999 1.1081 1.1960 1.1819 0.9134 1.1641 0.4504 0.4617 0.1067 0.8352 1.5898 0.7856 -0.0019
0.9600 0.7350 1.0442 0.9770 0.8224 1.1776 0.4677 0.4936 1.0784 0.4609 0.1986 0.6229 -0.0008
0.9101 1.1498 0.9015 0.9126 1.0601 -0.7719 1.1250 0.9154 0.6939 1.1554 0.8320 0.4105 -0.0292
0.7703 1.0175 1.1501 0.7095 1.1347 0.7112 0.2871 0.9023 0.8678 1.6936 1.2677 0.9640 -0.0118
1.0862 0.8262 1.0045 0.9681 1.3040 -0.4691 0.7078 1.1789 1.7865 0.9520 0.7967 1.0234 0.0107
0.8357 1.0661 0.9538 0.7582 0.6963 2.0827 1.2992 0.3745 1.1740 1.0822 1.1907 0.5453 -0.0053
1.1850 1.5256 1.0847 1.1193 0.8087 1.0198 0.3347 0.7217 0.2983 1.0767 1.5988 0.8428 0.0770
0.9858 0.7844 0.9403 0.6804 0.9783 1.6716 1.5495 0.5797 1.5020 1.1747 0.6297 1.0711 0.0061
1.2284 1.0730 0.9714 1.0146 1.2265 -0.3382 1.5463 0.9778 0.4696 2.0442 0.2335 1.2719 -0.0383
0.8410 0.6194 0.9071 0.9139 1.1043 1.2385 1.2511 0.9495 2.3369 0.9767 1.2174 1.5846 -0.0216
1.0789 0.8135 0.8666 0.9253 1.5618 1.7293 1.3488 0.2545 0.5610 1.7709 1.2199 0.6250 0.0028
0.9057 1.1582 1.0524 1.0329 1.1762 1.0921 1.4515 2.1814 0.7235 0.7921 0.6891 1.0320 0.0112
0.9770 1.2063 0.9755 0.8596 0.3829 1.2055 1.7506 1.0718 0.0366 0.4913 0.1505 0.7878 0.0053
0.8840 1.0242 0.9665 1.1006 1.5965 0.8602 1.1016 1.2189 0.9439 1.4378 0.7332 0.7076 0.0281
0.8943 0.7691 1.0628 1.1942 1.0737 0.8174 1.5032 0.9181 0.9003 0.8799 1.5290 1.2527 -0.0364
0.9065 1.0753 0.9882 0.8928 0.7727 -0.1059 0.5252 0.6763 2.3264 1.4713 1.3676 1.0215 0.0139
1.0995 1.1652 0.9874 0.8833 0.3382 0.3057 1.1302 1.1647 0.8314 0.5636 0.3766 0.8519 -0.0343
0.9330 1.0775 1.0009 1.1939 0.7769 0.6614 0.4141 0.5268 1.6337 2.0177 0.2480 1.0541 0.0622
1.1251 0.9561 1.0410 0.9810 1.3297 1.9494 1.2986 1.5773 1.7733 1.2060 0.2888 0.5747 0.0130
0.9982 0.9367 1.0003 1.1143 1.2616 2.1036 1.2770 0.3985 0.5298 0.6124 1.2431 1.1391 -0.0308
0.8635 1.0927 1.1367 0.9493 1.2105 0.7342 0.8845 0.6860 1.7273 0.9467 0.5959 0.7004 -0.0010
0.9680 0.9244 1.0904 0.8641 1.2891 0.5533 1.1236 1.7834 1.3618 0.7077 1.6102 1.5861 -0.0073
0.8786 0.9437 0.9330 0.7753 1.2016 0.8656 0.5832 0.5699 1.3277 1.6996 0.5910 1.3791 0.0624
0.8498 0.9023 1.0452 1.0319 0.9286 0.7321 2.1114 0.2639 1.0447 0.6628 0.9044 1.1757 0.0166
0.8860 1.0140 1.1504 0.9231 0.8770 0.2479 1.0120 1.5255 1.3350 1.6311 1.0133 1.4022 0.0380
1.1486 1.1815 1.0608 0.9254 1.0709 -0.3551 1.5428 0.6628 1.2889 0.3528 1.2305 0.9489 -0.0336
1.1542 0.8483 1.0379 0.8476 0.2848 -0.4193 0.7736 1.9333 2.2158 2.7339 1.6525 1.0502 -0.0156
0.8528 1.2201 1.0740 1.0096 0.9504 1.0356 0.7782 0.2119 2.0012 1.5103 1.1641 1.7806 -0.0251
1.0014 0.8760 0.9818 1.0131 1.3246 1.3590 0.7294 4.6366 0.6370 0.9266 0.3519 0.8936 0.0195
1.0556 0.8717 1.1404 0.8981 0.9361 3.4667 1.3516 1.8183 1.3902 1.4024 1.1220 0.8193 -0.0674
1.1143 1.1916 1.0730 0.9964 0.6179 -0.7661 0.4113 1.7728 -0.3363 2.3067 0.7925 0.7942 -0.0023
1.0388 1.1020 1.1158 0.9512 0.4709 0.4913 1.2306 1.1768 2.4289 0.5970 0.9935 1.1001 0.0604
1.0570 1.1287 0.9519 0.7696 1.2317 -0.4325 0.2387 0.9237 0.8758 1.8317 0.6049 0.7191 -0.0313
0.9220 1.0718 1.0463 1.0046 0.9601 0.8141 0.9135 1.4299 0.6264 1.4096 0.9321 0.8226 0.0078
0.9659 1.1347 0.8767 0.8772 0.0950 2.1254 0.4462 1.1303 0.6084 0.7278 0.9503 0.8667 0.0179
1.0708 0.8109 0.7266 0.8076 1.2648 0.0476 0.7312 0.6447 1.2719 0.9152 1.1329 1.0419 0.0348
1.2887 1.0653 1.1049 0.9153 0.6140 -0.2634 1.0291 0.6921 0.3385 1.3179 0.8080 1.3470 -0.0050
1.1611 1.0395 1.2799 1.0770 1.0728 2.7745 1.2550 1.9164 1.5064 0.4997 0.9170 1.1583 0.0113
1.0438 1.0434 0.8957 0.9309 0.7183 0.5887 0.9940 0.8818 0.6146 0.6509 1.3670 0.9674 0.0102
0.8014 0.6591 0.8015 0.9233 1.0059 2.1821 -0.2544 0.5399 0.2010 0.7915 1.2852 1.2022 0.0226
1.1065 0.8412 1.0737 0.9606 1.2960 2.1761 1.0441 1.1269 0.1990 0.9776 0.2547 0.5357 -0.0344
1.0679 1.0649 1.1209 0.9993 1.0268 -0.0309 1.6119 2.6997 0.3464 1.0467 1.0289 0.7467 -0.0211
0.9583 1.0677 1.0096 0.9980 0.6384 1.5796 0.5885 0.6498 0.7121 1.3096 0.9207 1.0476 0.0184
1.0081 0.9170 0.9072 0.9159 1.2581 0.8898 1.4581 0.3220 1.4871 0.5460 0.7884 0.9916 -0.0146
1.1367 1.0280 0.9843 0.9002 1.3986 1.8953 1.4434 0.5960 0.5644 0.5697 1.4283 1.3272 0.0265
0.9797 1.1575 1.0092 0.9977 1.0407 1.4114 1.3411 0.8338 1.4466 2.0205 0.8334 1.2873 0.0260
0.9340 1.0422 0.8582 0.9252 0.8483 1.5189 1.8913 0.6283 1.4004 1.3999 0.6187 0.3450 -0.0417
0.9814 0.7296 0.9366 1.1963 0.8573 -0.7608 1.0034 0.9053 0.9790 0.9704 1.5960 1.2288 0.0126
0.9339 1.0114 1.2212 0.9900 0.7579 0.9644 1.2135 0.9150 0.3106 0.8418 1.7033 1.4261 0.0077
0.9765 1.1403 1.0698 0.9434 0.5866 2.3037 1.3755 3.2574 1.0655 0.7194 0.9989 -0.0268 0.0129
1.0993 0.6700 1.0778 1.0195 0.9532 0.1151 1.6388 3.0551 2.7385 1.0916 1.5821 0.7988 -0.0058
0.9438 1.1164 0.7783 1.1827 0.8488 1.1302 0.7078 0.2737 2.1939 0.9027 0.8454 1.0017 0.0045
0.8531 1.1422 0.9944 1.1187 0.7555 0.0592 0.9865 1.2486 0.1633 1.2061 0.3581 0.8877 -0.0253
1.0970 0.8123 0.8853 1.0733 0.9629 0.4171 0.3484 2.3597 0.4791 0.6001 1.2347 0.7169 0.0221
1.1130 1.2196 1.1590 1.0247 1.1263 3.3212 1.2830 2.9552 0.2728 0.3331 0.4529 0.8963 -0.0040
0.8842 1.0306 0.8436 0.8979 0.8423 0.4142 1.9918 1.7889 1.1642 1.1119 0.5696 0.9770 -0.0007
0.9011 0.9379 1.0135 0.8014 1.0632 1.3720 1.1339 0.4659 -0.1128 1.5585 0.7170 1.0785 -0.0379
0.8317 0.5731 1.0851 1.2053 0.7517 0.9669 1.3907 0.3692 0.8720 0.5082 1.6609 0.2516 -0.0564
1.1630 1.0377 1.1595 0.9880 1.0542 -0.0090 1.0862 0.8293 1.3376 0.8624 1.0858 1.2864 -0.0808
1.0227 0.9931 1.0635 1.0486 0.7153 1.6845 1.3933 0.3004 1.1046 1.6285 1.1551 1.0767 -0.0488
0.9162 0.9332 1.0093 1.0243 0.9189 1.2571 1.5276 0.6167 1.6481 0.5606 1.4301 0.8363 -0.0114
0.9797 0.8949 1.2139 0.9332 0.8647 3.8025 0.2269 0.6982 0.7111 0.9224 0.6463 1.0552 0.0011
0.7918 0.9805 1.1435 1.0344 1.2027 1.6036 0.9324 1.2863 0.9704 1.2321 0.9938 1.0717 -0.0514
0.8863 1.0890 1.3264 0.9663 0.7879 -1.0840 0.9621 1.5988 1.7725 1.5218 1.0554 1.2080 -0.0029
1.1065 0.9604 1.0248 1.1849 0.9761 0.9941 1.9770 1.6455 1.5462 0.8188 1.1769 1.5577 -0.0273
0.9985 0.9166 1.1379 1.0536 1.1000 1.0473 0.2704 1.5441 0.9360 1.1154 0.3831 1.1072 -0.0023
0.8926 1.1397 0.7070 1.1128 1.1462 0.6066 0.8499 2.2278 2.4312 1.6001 1.1791 1.6002 0.0660
1.0283 1.2358 0.9783 0.9574 0.9562 0.1647 0.6018 1.8614 0.6973 0.5926 0.6074 1.2864 0.0023
1.2752 1.0020 1.0645 1.0396 1.0903 1.9661 1.2203 1.4742 1.2624 1.0913 1.5499 1.5140 -0.0234
0.9727 1.0100 1.0009 0.6400 1.8084 1.5959 0.7829 4.0182 0.4325 0.6117 0.8786 1.1315 0.0446
0.9189 0.6049 1.0511 0.9680 1.0434 2.6973 1.3144 0.9886 1.5230 2.9124 0.6000 0.9898 -0.0037
1.0247 0.8635 0.9341 1.0377 1.0344 2.9751 0.7552 0.4605 1.5791 1.2813 1.2577 0.9225 0.0122
0.9356 1.0708 1.0051 0.8310 0.8658 -1.0346 0.3979 1.4351 1.0936 0.4962 0.4629 1.1529 0.0019
1.1453 1.2063 1.1043 1.1147 0.8704 0.7120 1.2144 1.2080 3.0560 0.8774 1.1623 0.8767 0.0022
0.9869 0.9845 1.0797 1.0950 0.9806 -0.7437 0.7468 0.7099 -0.2713 1.4423 0.6971 0.9872 0.0142
1.0375 1.1564 0.9988 0.9473 1.5424 1.5650 0.4689 3.2601 1.0859 0.5105 0.4438 1.0781 -0.0282
0.9750 1.0014 0.9691 0.9622 0.7540 0.0977 0.8591 0.6415 0.8490 1.0137 1.1548 1.1191 0.0074
1.1551 0.9256 0.9862 0.8508 1.3623 1.8384 1.0755 0.7015 1.2790 0.8598 0.7764 1.2557 -0.0157
0.9529 1.1040 0.9403 0.9865 0.9504 1.6567 1.3044 2.6313 0.3754 1.5851 0.8636 0.6084 0.0076
0.9687 0.8503 0.9622 0.8599 0.8072 0.6425 0.5344 0.5337 0.1378 0.2596 1.1486 1.2107 -0.0038
1.0885 1.3533 1.0439 1.0114 0.9941 -0.0376 1.2401 0.6603 1.4152 1.2446 1.3269 0.7627 0.0180
1.0543 0.9683 1.2495 1.0344 1.0808 -1.0124 -0.0955 0.3543 0.8449 1.6023 1.2721 1.0546 0.0213
0.8129 1.3654 1.0216 1.0544 1.0561 0.7746 0.9071 2.0119 0.4240 1.8607 0.1599 1.2692 0.0333
1.2645 1.0438 1.0522 0.7158 1.2558 0.7080 0.9878 1.0704 1.6915 1.3013 1.3804 1.0503 -0.0409
0.8997 0.8159 0.9918 1.0204 1.2139 2.9521 0.4412 1.0939 1.2102 1.0885 1.4556 0.9835 -0.0154
1.0381 1.1068 1.1383 0.8555 0.7894 2.0545 0.8891 0.8366 1.9517 0.7911 0.9911 0.6898 -0.0233
1.0942 0.8965 1.0363 1.0166 0.9084 3.1334 1.3971 1.4067 1.8801 1.1342 1.2278 1.4114 -0.0074
0.9414 0.8814 0.7645 0.9324 0.9181 1.3299 0.2371 1.3799 -0.0831 0.2538 0.3569 0.4483 -0.0165
0.9730 1.2658 0.9917 1.0077 1.3220 -0.2992 0.7124 1.0200 1.4857 1.4000 0.7925 1.0036 0.0196
1.1461 1.1262 0.9703 1.1815 1.1113 0.4599 0.7968 0.5659 2.0787 0.7397 1.3861 1.4354 0.0198
0.8563 1.0316 0.8362 0.8549 1.4464 -0.4798 0.9963 1.0313 0.9543 0.9150 0.5060 1.1910 0.0180
1.0464 0.9947 0.7963 1.0673 1.0947 2.0887 0.5027 0.7874 1.5337 1.1065 1.2790 1.4932 -0.0348
0.9835 0.8845 0.9316 0.9371 1.5412 0.1105 0.6286 0.8789 0.1604 1.0701 0.2582 0.8078 -0.0120
0.9097 0.8579 1.0820 0.6808 1.1013 2.6597 1.6142 2.0689 1.7589 0.8617 1.1535 1.0772 -0.0359
1.0422 0.7408 1.0914 0.8749 0.6219 0.0244 1.3159 0.5601 2.0920 0.9691 1.2551 0.8818 0.0355
1.0499 1.2466 1.2044 1.0225 0.8962 -1.1068 2.0920 1.8710 1.3641 0.4686 1.3916 1.5808 -0.0145
0.9308 1.0942 0.9545 1.1728 0.9108 0.3328 0.8580 1.0027 0.2889 2.3547 0.7308 0.7339 0.0563
1.0633 0.9651 0.8864 0.9675 1.0999 1.5327 0.8568 1.5392 1.5638 1.9378 0.9042 1.1230 -0.0066
0.9889 1.0856 1.0988 0.8717 0.7618 -0.7725 1.0716 1.0245 1.3814 1.4433 1.2468 1.1563 0.0089
1.2342 1.0458 0.8536 0.7362 1.0384 1.9922 0.7347 0.3291 0.9478 1.7737 1.5192 0.9437 -0.0519
0.7858 1.0070 1.2004 0.9546 1.2674 0.1245 1.3327 1.4401 0.9089 1.4815 1.7704 1.4223 -0.0247
1.0653 1.0374 1.2066 0.8914 0.3595 1.6015 1.4035 0.4354 1.1978 1.8628 1.3498 1.7268 -0.0685
1.0157 1.2432 0.8539 0.8209 1.6033 1.1030 0.2535 1.1480 1.3116 1.1723 0.8128 1.4719 0.0139
0.9265 0.9216 1.0761 0.9802 1.0995 2.8784 0.9088 2.0432 2.1325 0.9673 1.1235 1.0436 0.0354
0.9863 1.0079 1.0904 1.0489 0.8330 1.7860 0.6532 0.5351 1.1931 0.6418 1.3021 1.3763 -0.0404
1.0605 0.9492 1.1621 0.9268 1.0429 1.4860 1.2640 1.2403 0.9580 0.5861 0.8024 1.1375 -0.0050
1.3300 0.8692 0.8454 1.0399 0.8774 1.4114 0.8973 2.0984 1.3168 0.7619 1.1187 1.0880 -0.0077
0.9641 1.0362 1.1178 0.9733 1.0369 -0.5146 1.1804 0.9735 0.5108 1.2499 0.6406 0.9584 -0.0153
1.1918 1.2896 0.9927 0.9768 0.8845 0.6236 1.5627 0.3917 -0.7181 1.4729 1.0569 1.2764 -0.0146
0.8592 0.7622 1.0747 1.1114 1.2568 -0.2801 1.0569 0.9554 0.7873 0.8900 1.8854 0.9963 -0.0090
1.0604 0.8681 1.0428 0.8090 0.0148 0.8811 0.9383 0.3839 1.1401 3.0903 0.5567 0.8581 0.0282
1.1464 0.8585 0.9997 1.0279 1.2260 2.2157 0.7692 0.6890 0.8737 0.4446 1.4973 1.0972 -0.0147
0.9934 1.0724 0.7853 0.7682 1.1397 2.2881 1.3548 1.4912 0.4598 0.8885 1.3086 0.6400 0.0422
1.0533 1.1806 1.0337 0.9493 1.3337 -0.8158 1.2331 1.1041 0.7823 0.8201 0.3397 0.9577 0.0473
1.0265 0.7062 0.8819 0.9875 1.4291 -0.8486 1.4383 0.3259 1.0892 1.2164 1.1889 1.1532 0.0042
0.9322 0.8461 1.2054 1.1128 1.0653 -2.0118 0.2485 2.1905 0.8250 0.8934 1.2336 0.8875 -0.0028
1.0241 0.9581 1.0462 1.1179 1.0813 0.9804 -0.2948 0.6320 0.0891 1.0586 1.1483 1.2218 -0.0060
0.7296 1.2028 0.7826 1.0867 1.2521 0.7914 1.6343 1.3833 2.0164 0.5544 1.9010 0.7412 0.0231
0.9906 0.8396 1.0307 0.7560 1.1090 0.7213 1.2351 4.9259 0.4977 1.2130 0.6627 1.2041 0.0028
0.8923 1.0883 1.1498 0.9704 0.7400 1.1253 0.4050 0.5686 0.0491 0.9678 0.7003 1.2801 -0.0051
0.9410 1.1643 0.8504 1.2313 0.9546 0.9533 0.4991 3.4000 2.3117 1.0657 0.3542 1.0139 0.0259
1.1527 1.0459 0.9876 1.0288 1.3700 1.0182 1.4324 0.9801 1.4309 1.1593 0.9993 1.4998 -0.0183
0.8990 0.7285 1.1715 1.0934 0.8104 -0.2361 1.4061 1.1378 1.2379 1.0611 1.4023 1.2315 0.0145
1.1326 0.9938 0.9777 0.9050 0.7325 1.6692 0.6383 0.5916 1.8836 1.1570 0.8916 0.8051 -0.0078
0.9651 0.8369 1.0134 0.9924 0.7393 0.4684 1.5364 1.1996 3.4228 1.0773 1.0770 0.4676 0.0339
0.7123 1.3006 1.2663 1.0669 1.1185 0.0007 0.9835 0.4078 1.2061 0.6481 0.5675 0.7875 0.0118
1.2959 1.1003 0.7634 0.9281 0.4351 3.6698 1.9567 0.5235 2.0835 2.2830 0.9732 0.6487 0.0050
1.0889 0.7937 0.8945 0.7477 0.7485 2.4841 1.0413 0.7165 1.1916 1.3199 1.3598 1.5656 -0.0106
0.8790 1.0137 0.9003 1.0259 0.9614 2.8828 0.6632 0.8665 0.5955 0.9727 0.4571 0.8170 -0.0343
1.0969 1.0035 0.9262 1.0574 1.1919 -4.1100 0.6900 1.1147 1.0601 0.6445 0.6100 0.8593 0.0512
1.2385 0.9698 0.8628 1.0221 1.1961 -1.3929 0.8724 1.9794 -0.0676 1.1968 0.6865 1.1621 -0.0184
1.0760 1.0862 0.9687 1.0768 1.2840 0.7369 1.0317 0.7179 1.5654 0.2627 0.9348 1.1509 -0.0244
0.9625 0.9775 1.0987 0.9680 0.7554 0.7513 0.5719 0.4540 0.1860 0.6768 0.9926 0.5189 -0.0315
1.0691 0.8824 0.9693 1.0100 0.3703 1.7498 1.1540 0.9171 2.6084 1.1222 1.2385 1.4630 0.0056
0.8288 1.0520 1.1358 0.9066 1.0051 2.8249 0.8041 2.9907 1.6402 0.5030 1.0282 1.2411 -0.0161
0.9043 0.7362 1.1309 0.9570 1.4301 -0.6183 0.9206 1.1777 0.6350 0.5311 0.9988 0.9730 0.0477
0.8763 0.9533 1.1282 1.1815 1.2644 0.8045 0.4051 0.9590 0.8766 0.2831 1.0741 1.0090 0.0130
0.9459 0.7541 1.0198 1.1012 0.7031 1.3861 1.7804 0.2708 0.3044 0.5956 1.3583 1.4229 -0.0099
0.9701 0.9999 1.0591 0.9614 1.1447 1.9301 1.4104 0.8190 0.6764 0.4746 1.0003 0.8059 -0.0186
1.0091 0.7580 0.8935 1.0738 1.1624 1.3159 1.0526 0.8612 2.2533 0.6802 1.2325 0.8315 0.0246
1.0433 0.9143 0.8701 0.9621 0.5589 1.7830 1.7164 0.7144 0.5720 0.9896 1.1530 1.3438 0.0429
1.0176 0.7910 1.3419 0.9113 1.7371 3.5197 0.4764 1.7814 0.4940 1.8679 0.9430 1.2930 0.0387
1.1174 1.0159 1.0296 0.9590 1.8092 2.1557 0.8817 0.5848 -0.6434 2.1494 0.9126 0.5413 0.0507
1.0938 0.8985 0.9139 1.0481 1.1237 -1.0019 0.2680 0.8616 0.4611 3.8085 1.6817 0.8542 -0.0089
1.0388 1.0091 0.9343 1.0569 0.9651 1.4697 1.7408 1.9929 1.0889 0.4862 0.5121 0.5848 0.0025
0.9347 1.3279 1.1117 1.0468 1.0593 -0.6286 0.9568 1.8840 -0.3342 0.5797 0.7701 0.9472 0.0058
1.0741 0.8069 1.2032 1.0724 1.0849 0.1915 1.1374 1.4490 0.7028 0.8266 1.0060 1.2301 -0.0343
0.9729 0.7805 1.0519 0.9397 1.1859 0.4817 1.5503 1.7744 0.7578 0.5644 1.3298 0.8742 -0.0172
0.6860 1.2353 1.2292 0.9895 0.6818 1.7668 1.3021 1.1471 1.7818 0.5963 0.9320 1.5339 0.0274
1.1929 0.9907 0.9775 0.9886 0.5901 0.1872 0.6577 1.7878 0.9113 1.5461 1.2525 0.5576 -0.0006
1.0132 1.1822 1.0036 1.0749 0.9075 0.0222 1.8790 0.6762 1.9967 1.1336 1.2980 0.8501 -0.0337
0.9032 0.9283 0.9982 1.1042 1.0224 1.7158 0.5977 2.1299 1.9542 1.2089 1.0297 0.9023 -0.0196
0.7064 0.8393 0.8848 0.8593 1.5733 -0.2420 0.9623 0.3377 0.7235 0.7661 1.4861 1.2969 -0.0005
1.1708 0.7824 1.0033 0.7832 1.4394 0.5328 0.6427 1.0363 0.9453 0.7578 0.7822 0.6970 0.0272
0.8789 0.9568 1.0363 0.9882 1.0390 3.1731 0.4484 0.9937 -0.1568 1.0831 1.3496 0.7164 0.0425
1.0666 1.0692 1.0725 1.1335 1.2359 2.0862 0.8787 3.8159 1.7216 0.9588 1.8371 0.2899 -0.0328
1.1792 1.1906 1.0045 1.0407 0.8412 1.1124 0.6118 2.6840 1.0884 0.7877 1.2218 0.7894 0.0015
1.0431 0.9830 0.9667 0.9979 0.6415 -1.0582 1.0874 0.7968 2.8851 0.6295 1.1835 0.9743 -0.0030
0.8330 0.9335 0.9497 1.0723 1.0356 3.0189 1.6013 0.8526 0.2368 1.6232 0.9034 1.0519 -0.0011
1.0344 0.9264 1.0462 1.0573 0.6056 1.7291 0.9133 0.6792 1.5294 0.9764 0.9531 0.6067 -0.0375
0.9692 0.8892 1.0074 1.0288 0.8782 3.1102 1.3877 1.1857 0.3248 1.3793 0.3516 0.7801 0.0262
1.1959 1.0294 0.8786 0.9029 1.1564 0.7970 0.3542 0.7444 1.1574 1.5177 1.2298 1.3124 -0.0099
0.9590 0.9088 0.9492 0.9563 1.1025 1.6123 0.8370 1.9393 0.4689 1.7083 0.7887 1.1063 -0.0468
1.0804 1.0198 0.9919 0.8355 0.9616 2.4277 1.3383 0.7444 1.0997 1.5916 0.9316 0.9229 0.0238
1.1175 1.2450 0.8240 0.9620 1.3710 1.3346 0.2311 1.5687 1.8334 1.7127 1.1171 1.1198 -0.0347
0.8459 1.0872 1.0532 1.1183 0.9553 1.3317 0.6008 0.4776 0.9647 1.3254 0.7806 0.5947 -0.0062
1.1873 0.8948 0.9763 1.0437 1.0599 2.5307 0.4737 1.6667 0.6710 1.8379 1.2657 0.9348 0.0655
1.1244 1.0046 1.0056 1.2344 0.8800 0.4826 0.1870 0.7340 1.8519 0.5207 0.7646 1.0089 -0.0220
0.8489 0.7183 0.9385 1.0125 1.4661 -1.4541 0.5903 0.8777 1.3811 0.7347 0.2727 1.1824 0.0430
1.0580 1.1270 1.0849 0.8197 1.3712 -0.0354 1.3819 0.8134 1.1330 0.7164 0.5093 0.7796 0.0473
1.0534 1.1303 0.9339 0.9966 1.2055 0.7531 0.9023 1.6291 1.8023 1.4762 0.7780 0.9178 -0.0242
1.0572 0.7180 1.1841 0.7872 0.5459 2.6216 0.7806 0.7610 1.3166 1.0470 1.4301 0.8459 0.0229
1.3043 1.2095 0.8061 0.9811 0.9526 0.2311 0.7497 1.5436 0.4747 1.1678 0.9160 1.1657 -0.0316
0.8862 0.9639 0.9395 1.2109 1.0471 0.2150 1.1552 2.1243 0.5185 0.7131 0.3983 1.8951 -0.0063
1.0338 1.2208 1.1391 0.9513 1.5131 0.1415 0.4402 0.5706 0.6024 1.1496 1.7381 0.5511 -0.0161
0.8908 1.1352 1.0750 0.9723 1.1933 1.2332 1.2323 0.9486 1.4051 1.2572 1.2715 1.2991 0.0316
0.8421 0.7806 1.1359 1.0028 1.7089 0.9607 0.8054 0.8227 0.2639 0.8210 0.8475 0.7425 -0.0194
1.1292 1.1750 0.9916 1.0107 1.0204 -0.9993 0.8440 2.1781 1.0268 2.2815 0.9504 1.1239 0.0164
0.9241 0.7782 1.1253 1.1625 1.4584 2.5097 0.9315 0.6174 2.1318 0.5762 1.3048 0.9870 0.0011
0.8534 0.8979 0.9825 1.0890 0.7503 0.6486 0.3686 0.3307 1.3456 0.7138 0.0790 0.6094 0.0032
0.9673 0.8554 1.2315 0.7984 0.8382 1.1629 1.1197 0.9018 1.9816 0.8409 1.6492 0.7904 -0.0205
1.0231 1.0690 0.8945 0.9062 0.6817 1.3616 1.4889 0.7725 1.0818 0.2682 0.6973 1.4550 -0.0432
1.0616 0.7146 0.8079 0.9891 1.0858 0.8694 2.3731 0.6097 -0.0186 0.8991 1.0805 0.2655 0.0195
1.0326 0.7125 1.0295 0.8013 0.7836 1.9300 0.6897 2.6287 0.2185 1.4532 1.1577 0.9409 -0.0619
0.9696 0.9575 0.7247 1.2747 0.9187 -0.1701 0.4219 0.7684 1.1945 1.4047 0.3165 0.4137 -0.0263
0.9295 0.8074 1.0554 0.9521 1.4622 0.6094 0.5713 1.3149 0.5363 1.0458 1.2652 0.8909 0.0047
0.9545 1.1320 0.9935 1.0002 0.9117 1.0401 0.4519 0.2887 0.7160 0.5699 0.8376 1.5310 0.0001
1.2518 0.9870 1.1072 0.9946 1.0895 3.0241 0.9056 0.8249 1.8988 0.5268 0.4349 0.8910 0.0043
1.0949 1.1516 0.7915 1.0832 0.8453 -1.3620 1.0736 2.9078 0.5936 0.9076 1.4237 0.7831 -0.0566
0.9017 0.8661 0.9666 0.8957 1.0751 0.3293 0.5174 1.4245 1.6823 0.7242 1.5749 0.7354 -0.0079
0.9758 1.2096 0.8785 0.9692 0.9743 0.3256 0.3508 0.2998 0.6857 0.6244 1.0928 1.1554 -0.0279
1.2296 1.0181 1.1214 0.7509 0.7559 -0.5525 1.2002 0.9259 1.2896 0.4080 1.0080 0.7981 -0.0589
0.8649 0.9788 0.7903 1.1063 0.9425 3.1182 1.1315 1.6295 1.8595 1.2537 1.0735 0.4079 -0.0049
0.9491 0.8548 0.8943 1.1596 0.6783 4.2037 1.4587 0.8876 1.1464 1.3802 1.0163 0.9117 0.0134
1.0390 1.2173 1.0147 0.9935 0.9884 2.8773 0.6833 0.7230 0.5310 1.7238 0.6004 1.0287 0.0173
1.0834 1.4473 0.8516 0.7705 0.6232 1.5796 0.5672 3.3809 2.0111 0.6316 1.1721 1.0521 -0.0495
1.2469 1.0769 0.9957 0.9564 0.9889 2.0423 0.3180 3.0272 0.9419 0.9943 0.9690 1.1332 -0.0083
1.0619 1.0471 0.9257 1.0093 1.5130 0.9928 1.0980 2.2735 1.3138 2.5365 0.3246 0.7463 0.0431
0.8381 0.8744 1.1501 0.7554 0.7902 0.9553 1.4453 0.2994 0.9683 0.8882 1.1876 1.2082 -0.0161
1.0798 1.0533 0.9923 0.9583 1.3811 -1.9615 1.3996 0.4840 0.1724 1.1675 1.3021 1.0235 -0.0004
0.8698 0.5597 1.0211 0.8850 0.8484 1.1223 1.1191 1.9773 2.3474 0.7258 0.9359 0.9618 -0.0559
1.0807 1.1498 0.8520 0.9350 0.8627 0.1639 1.1478 0.8977 1.1439 0.7548 0.9825 1.1993 -0.0067
1.1740 1.1064 1.0058 1.0029 0.9368 1.3856 1.1437 0.7452 0.7039 0.4050 1.2911 1.8193 -0.0329
1.1895 1.3578 0.7811 1.0527 1.1949 -1.0101 0.3885 0.7254 0.9720 1.1080 1.2354 0.7520 -0.0310
1.1087 1.0513 1.1058 1.0528 1.1599 2.4755 1.0768 1.7766 0.4288 1.3157 0.7379 0.9046 0.0190
1.0094 0.8061 0.8826 1.0081 0.6846 0.2412 1.3102 1.9093 0.8394 0.9181 0.8755 1.4839 -0.0364
1.0707 0.8941 0.9412 0.9507 1.4030 -2.3469 -0.4022 1.4830 2.0227 0.7438 0.6415 1.0134 0.0175
0.9587 1.2795 0.9349 0.8477 0.8299 0.8315 0.7606 0.9392 0.5181 1.1310 1.5388 0.2403 -0.0358
1.1186 0.7919 0.8887 1.1094 0.9226 0.6311 0.8340 2.3500 2.0474 1.9821 0.7268 0.8865 -0.0183
1.0423 0.9460 1.4066 0.8843 1.2277 -0.0512 1.2095 0.5243 2.2181 1.2799 0.3020 0.3951 -0.0125
0.9763 1.0230 1.1949 0.9757 1.2257 2.7268 1.3171 2.5650 1.1544 0.8742 1.1429 1.1552 0.0211
0.9578 1.1176 0.8920 0.9061 1.1800 1.7756 0.8777 0.9299 0.8882 1.5203 0.8273 1.1667 -0.0185
0.9726 0.9263 1.0682 0.8128 1.0017 0.7290 0.8761 1.8912 2.5485 1.2070 0.3134 1.5551 -0.0008
0.9584 0.9602 0.9924 1.1296 1.1189 -1.8953 1.1159 0.7989 0.4063 1.3424 1.0349 1.0111 -0.0008
1.0985 1.1915 0.7839 1.0491 1.0422 1.0823 0.8574 1.7629 1.1663 1.9682 0.5767 1.5591 0.0370
0.9257 1.1574 1.0032 0.9179 0.8671 0.8257 0.7712 1.6510 0.7007 1.7183 0.7926 0.9786 0.0225
0.7299 1.1183 0.8921 0.9661 0.4914 0.1056 1.0245 1.3372 0.7463 0.9149 0.9313 0.9472 -0.0616
0.8340 1.0615 1.1170 1.0592 1.3489 1.8875 0.6594 1.8388 0.4392 0.8391 0.0731 1.2805 -0.0144
1.0434 1.1929 1.1849 1.0253 0.5438 -0.3736 1.1229 0.5464 1.8524 1.1726 1.7767 0.9765 0.0484
1.1740 1.0710 0.8569 0.8884 0.1956 -0.2423 1.2105 0.4762 1.8817 0.6112 0.3979 1.3951 -0.0558
0.7996 1.0037 0.9417 0.9444 0.7951 1.5109 1.8048 0.6585 1.4415 0.3770 1.7821 1.4464 0.0110
1.1470 1.0592 1.0559 1.1774 0.7315 1.8425 1.2012 1.0425 1.1038 0.6569 0.5431 0.8930 -0.0361
0.9841 0.8659 0.9000 1.1965 1.1376 1.2261 0.3787 0.4701 1.2320 0.9382 1.2779 0.9810 0.0136
0.9266 0.6874 0.8344 0.8874 0.5175 -0.7253 0.8935 9.4862 1.5782 0.7741 1.1010 0.9084 0.0263
0.9908 0.6526 1.1383 1.0445 0.8852 -1.1459 0.6251 1.2168 1.8505 2.0971 1.0188 0.5631 0.0199
1.1463 1.2198 1.0603 0.9293 0.8367 0.8717 1.4313 1.6750 2.0121 0.5886 1.4453 0.9608 -0.0256
1.1785 0.9813 0.8450 0.8375 0.9720 3.2132 0.7348 1.2259 -0.1231 2.1749 0.6879 0.6396 -0.0045
0.7732 1.0436 1.1709 1.1284 1.0805 3.6432 1.1100 1.4566 0.9497 1.4228 0.7868 1.1267 -0.0242
1.0230 0.9862 1.0059 0.9101 0.9473 -0.5602 0.9317 2.8539 1.3748 1.4081 0.8870 0.7166 0.0236
0.9243 0.9734 1.0595 1.1877 1.1710 0.8828 1.9003 0.4508 0.8605 1.0546 1.4551 1.0065 -0.0493
1.0715 1.0276 1.1493 1.0787 1.3875 1.9557 0.7503 1.0981 1.4769 1.4531 1.7037 0.9864 0.0125
1.1310 1.0477 0.9141 0.9129 1.1862 3.5552 2.2435 0.6766 1.0078 0.6033 1.1392 1.0610 0.0496
0.9550 1.0811 0.9675 0.8288 1.0037 1.5935 0.9683 2.6607 0.2638 0.6685 0.9848 0.6570 0.0219
0.8123 0.4641 1.0623 0.8458 0.6336 -0.2745 1.9457 2.4324 2.0541 0.9866 0.9745 1.1524 0.0157
1.0183 0.9912 0.9087 0.8087 1.0464 -0.0126 0.6476 0.9559 1.6568 0.4720 0.4345 0.6239 -0.0065
1.0341 1.1490 1.1071 1.0426 1.2458 0.6182 0.9630 2.1794 0.3305 4.0937 0.8980 0.6386 0.0388
1.0548 1.1377 0.9356 1.1832 0.6571 1.3748 0.2932 0.6767 0.6719 0.4304 0.0760 0.7511 0.0181
0.9508 0.7528 1.2084 1.1842 0.5195 0.2395 1.1405 0.8844 1.7898 0.5189 0.8584 0.7112 -0.0208
1.0659 1.0317 0.9834 0.9731 1.2361 -1.8067 1.4498 2.0008 0.4795 0.8255 0.7077 0.9523 -0.0215
0.9487 0.9005 0.9313 1.1725 0.3580 2.8692 1.6893 0.4504 0.4627 1.0258 1.7357 1.2386 0.0154
1.1245 1.0701 0.9592 1.0865 1.1149 2.0910 0.5606 0.4152 1.3158 1.5751 0.9347 0.4384 -0.0476
1.0061 1.0132 0.9626 0.7068 0.7903 0.4409 0.9645 0.4370 1.6235 0.6524 0.5429 0.7399 0.0100
1.0835 1.2505 1.0900 1.1309 1.1862 3.9398 1.3555 1.1902 0.0861 1.0993 1.0866 0.7620 -0.0064
0.9941 0.8627 1.0785 0.9880 1.2118 2.0667 1.1758 1.5841 1.4586 1.2007 1.0961 0.8399 0.0305
1.1451 1.0728 0.9021 1.1284 0.6998 -0.4760 1.8202 1.4046 2.1318 0.5704 0.5698 1.2994 -0.0594
1.0855 0.9663 0.8694 1.0359 1.1249 0.8129 0.3890 2.6895 0.9222 0.7395 1.1053 1.2664 0.0280
0.9830 1.1712 0.8697 1.2237 1.6076 3.6706 1.4757 0.5441 1.4650 0.8171 0.4047 1.3606 -0.0030
1.0255 0.9361 0.8632 0.8922 1.8322 1.0386 0.6531 0.7760 0.3909 1.6268 1.2406 0.8389 -0.0388
0.7921 1.0687 0.9632 1.0126 1.0632 -1.3132 0.4759 0.9596 1.1472 1.5122 1.0171 1.2270 0.0160
1.0128 1.0644 0.8480 1.0678 0.5595 1.0590 0.3038 0.7309 2.4160 0.6410 0.6375 0.8601 -0.0301
1.1760 0.8705 0.9770 1.2496 1.3871 1.2899 1.1188 2.0764 0.1584 2.7935 0.5229 0.9047 0.0604
0.9105 1.0919 1.0024 0.9481 0.9435 0.2059 0.4766 0.8969 3.0474 1.1098 0.7348 1.1423 -0.0144
0.7246 0.9590 1.1459 1.0263 1.0278 1.9988 0.7541 1.1330 0.6975 1.5318 0.8540 0.9341 0.0107
0.7885 0.9348 0.7845 1.0310 1.5546 1.0750 0.7567 1.2716 1.3696 0.5408 1.1759 0.9842 -0.0361
1.0768 1.1451 0.9487 0.9304 0.6636 1.2076 0.4478 1.2050 1.1172 0.9970 0.2476 1.2461 0.0039
0.8675 1.0731 0.9945 0.8043 0.6973 -1.4306 1.2731 0.5080 1.2620 1.2400 1.2326 0.9869 0.0266
0.9209 0.8946 0.9620 0.8449 1.2088 0.9017 1.5199 0.8438 0.9017 0.7265 1.0349 1.6184 0.0241
0.8964 0.9565 1.1590 0.8607 1.2306 0.7200 0.9614 1.2901 0.3339 1.2641 1.1413 1.0910 0.0000
0.9742 1.0376 0.9845 0.8894 1.0161 2.4626 0.7919 0.4517 1.9134 0.7141 0.6514 1.1345 0.0064
0.7331 0.8837 0.9021 0.8852 0.9939 0.6586 0.7781 4.1159 1.1425 0.7730 0.8925 1.0519 0.0175
1.2957 1.1968 0.7734 0.9332 0.5949 -0.0071 1.4055 0.8816 0.9741 1.9966 1.0728 0.7004 0.0354
1.0951 0.8808 0.8815 0.9687 0.9662 1.1374 1.3352 2.4949 0.6666 1.6322 0.7967 0.8813 -0.0109
0.9491 1.0423 0.7927 1.0515 1.7315 2.1942 0.9978 2.5582 -0.1405 1.1030 1.2044 1.1486 -0.0097
0.9875 1.0045 0.8395 0.9197 1.0253 1.2062 1.1995 1.9885 1.7666 0.9631 0.7696 1.0415 0.0202
1.0050 1.2828 1.0116 1.0122 1.0624 2.5983 1.4876 1.2304 1.4496 0.7275 0.6916 1.0290 0.0303
1.0124 0.6399 1.1612 0.8844 1.0037 2.2987 1.5906 1.0104 1.8310 0.9555 0.9987 0.6036 -0.0159
1.0004 0.8169 1.1060 1.1049 0.9957 3.4634 1.2355 1.0624 0.9607 0.9926 1.4981 1.5292 -0.0137
0.9352 1.3603 1.1468 1.0785 0.6922 1.1515 1.8237 1.7369 0.6391 0.7621 0.3686 1.7805 0.0048
1.1806 0.8605 0.9761 1.2073 1.4687 1.3529 0.6012 1.3171 0.3208 0.4718 -0.3059 0.4964 -0.0020
1.0651 1.1116 0.8220 1.1415 0.7896 0.4363 1.2401 0.3013 1.0954 0.6835 0.9910 0.9532 0.0216
0.8463 0.9972 0.9659 0.9896 1.0000 -0.5028 0.9047 1.7284 0.7026 0.5581 1.0209 0.8571 0.0147
0.9467 0.8608 1.0675 1.0223 0.7893 0.7935 1.5289 0.4972 1.1807 0.7591 1.3197 0.9572 0.0370
1.1739 1.2287 1.0470 0.9470 1.1498 2.0829 0.5447 1.4600 1.9925 0.4856 0.7976 0.7134 0.0102
1.0185 0.9091 1.0043 0.9462 0.6320 2.9881 0.5908 1.6779 0.5106 1.3597 1.4615 0.9781 -0.0180
1.1725 1.0983 1.0982 1.1810 0.4902 0.8197 1.4896 0.5361 0.5469 2.0322 1.2076 1.3147 -0.0934
1.1225 0.9587 1.1254 0.9396 0.8619 2.1991 1.1609 1.5196 0.2999 0.8827 1.1550 1.1456 0.0963
1.1187 1.1140 1.0521 0.8932 0.4722 1.9253 1.1578 1.9845 0.9621 1.3757 0.3896 1.2811 -0.0275
1.2869 1.3625 1.0578 0.7602 1.1331 -0.2957 1.5734 0.2152 1.7381 0.5298 0.6128 0.6509 0.0133
0.9153 1.0140 1.2289 1.0806 0.9437 2.3859 1.2741 0.4497 0.0681 0.9034 0.8625 0.7235 0.0323
1.0169 0.9123 1.0109 0.9412 0.8952 0.3894 0.6438 0.5503 1.1521 1.2957 1.1493 0.8486 0.0312
1.1484 0.8711 1.0571 0.8972 0.7680 2.1622 0.4246 0.6666 0.3500 1.1517 1.4126 0.5086 -0.0612
1.1800 1.1134 1.2279 1.0165 0.9827 0.6101 1.3230 0.5041 1.5866 0.7168 0.6024 0.6323 -0.0360
1.0108 1.0894 1.0828 0.8922 1.1344 1.8815 1.7070 0.6356 0.1603 0.4656 1.0245 1.0439 0.0203
1.1038 0.8453 0.8870 1.0419 0.5514 1.5663 1.4835 1.3001 0.3442 0.9344 0.6661 1.0492 -0.0070
1.0691 0.7613 1.0661 0.9724 0.6008 1.6465 1.5385 2.8362 1.0536 2.4410 1.7138 0.3944 0.0018
0.9091 1.3840 0.9458 1.0102 1.2654 -0.2164 1.6776 1.0234 1.4316 0.9592 1.0071 0.7648 0.0156
1.1881 0.8472 1.1982 1.0831 1.3929 0.8609 0.8944 4.5481 1.2804 3.1001 0.7108 1.1371 0.0298
1.0316 0.9482 0.8229 0.9191 0.4989 1.8817 0.8612 1.6499 2.2247 0.8755 0.8702 1.2937 -0.0496
0.8918 0.9936 0.8732 0.9549 1.2418 1.4703 0.8322 0.6104 1.5587 0.8815 1.2503 1.3228 -0.0278
1.0085 0.9178 0.9146 1.0364 0.7960 1.6376 0.6756 1.1176 0.5090 1.6663 1.3900 0.6050 -0.0353
0.9200 1.0356 1.0605 0.9388 1.0824 1.0661 1.2233 1.8177 1.9128 1.0936 1.3126 1.3776 -0.0740
0.9665 1.0111 0.9047 0.8457 1.1476 0.5442 1.7194 1.1497 0.3647 0.5051 0.9831 0.5762 0.0178
0.8014 0.9130 1.0392 0.9060 0.5530 -0.2603 1.1525 0.6994 0.9023 1.4748 1.3535 1.2616 0.0453
0.8506 1.1399 1.1299 0.9975 0.9977 2.6167 0.1259 0.9521 0.6796 1.0534 0.2883 0.3630 -0.0631
0.9780 0.9348 1.2038 0.8873 1.0204 0.5769 0.7964 0.3552 0.5300 1.3483 1.1310 0.7242 -0.0162
0.8483 0.9931 1.1078 0.9477 1.3509 2.1631 1.6049 1.4140 1.8972 1.6467 0.3519 1.4607 -0.0301
0.9510 0.9571 0.8264 1.1420 0.4598 0.2002 0.5378 1.0951 -0.0907 0.5097 1.1800 1.3750 0.0204
1.0032 0.8887 0.8370 1.0308 0.7051 -1.1015 0.8998 1.0266 0.8395 2.9649 1.8398 0.8619 -0.0324
1.0386 1.1308 1.3080 1.0697 1.3028 0.9572 1.4171 0.8765 0.8863 0.5267 1.3899 1.7321 0.0304
1.1931 1.3030 0.9329 0.7673 1.1954 0.9517 0.3708 1.4729 1.6169 0.5662 1.6387 0.5190 -0.0335
1.1720 0.6435 0.9514 0.9039 0.7153 -0.2277 1.0916 0.5064 1.1927 1.4180 0.5384 0.8627 -0.0202
1.0116 0.8363 0.8341 0.8340 0.5344 0.5139 0.9529 0.7711 0.1165 0.5432 1.3111 1.6067 0.0365
1.0377 1.0956 0.9565 1.1493 0.8255 0.5758 0.9406 0.8507 0.3745 1.0479 0.8178 1.0790 0.0053
0.7799 0.7057 0.8061 0.8377 0.2933 2.0374 0.5763 2.9461 0.8648 1.4847 1.2200 0.9229 -0.0214
1.0421 1.0445 0.9628 1.2061 1.3530 0.7344 0.6241 0.9837 0.8309 1.3966 0.7913 1.4736 0.0152
1.2589 1.0001 0.8085 0.8659 1.7128 0.8109 0.5630 0.9568 0.7011 2.3847 0.9085 1.1014 0.0289
0.8472 1.0062 0.9239 0.7763 1.3013 1.2872 1.2494 1.4631 0.7305 0.6354 0.7639 0.6867 0.0385
0.9417 0.6857 1.0523 0.7861 0.8392 0.3972 1.0346 0.5989 0.7068 0.6955 1.0761 1.3530 0.0835
1.0945 0.8429 0.8155 0.9949 1.3242 1.3485 1.3196 1.0494 0.9542 0.7894 0.9089 1.3493 -0.0181
0.9258 1.0837 0.8361 1.1327 1.3527 -1.2789 1.0638 0.7944 0.9394 0.9885 1.0421 1.6465 0.0392
0.8870 1.1240 1.1309 0.9987 1.7108 -0.2729 1.3120 0.7485 0.3501 0.7926 1.0758 1.5006 -0.0352
1.1377 0.9575 1.1503 0.9640 1.4869 2.3084 -0.3436 1.5449 1.8966 0.8734 0.6132 1.1803 -0.0109
0.9279 1.1909 1.2547 0.9992 0.9592 3.5147 1.7256 0.8505 1.0048 1.9501 0.8291 1.1747 -0.0178
1.1216 0.9904 1.2014 1.0796 0.2903 0.9466 1.0980 0.6689 0.5823 2.2962 1.2602 1.3683 -0.0147
1.0388 1.0008 1.2743 1.1496 0.7186 -0.2184 1.9328 1.9951 0.6177 0.6317 0.4750 0.9063 0.0107
0.9918 0.8847 1.2360 0.8363 0.4607 2.6430 0.8715 0.8857 0.2574 0.8287 0.6309 0.6604 0.0076
0.9717 0.9995 1.0180 1.0162 1.1626 1.9731 1.1026 0.7152 0.4135 0.6189 0.7800 1.1421 0.0253
0.9832 1.2465 1.1308 1.0756 1.0720 0.0584 0.5363 1.3077 0.8931 0.7651 1.8562 1.4279 -0.0291
0.9398 0.8919 1.1225 0.9758 0.9358 0.5722 0.6195 0.3398 0.3774 0.4199 0.4133 1.5604 -0.0084
0.9787 1.2038 1.0919 0.9609 0.7101 1.0431 1.1632 2.7011 0.3676 0.3494 1.3799 0.7714 0.0248
1.0615 1.2235 1.1303 1.0388 0.6232 0.0452 1.0057 0.7781 1.3392 4.8123 0.9151 0.9492 0.0040
0.9026 0.7616 0.9659 0.9389 1.2516 0.6824 1.1652 0.9923 1.9821 0.9139 0.8119 1.0271 0.0266
0.9278 0.8552 1.0342 1.0694 1.3092 2.7141 1.0464 2.0877 0.6963 0.4608 0.7237 0.7143 -0.0234
1.0616 0.7629 1.0587 0.8129 0.8640 2.5818 0.3721 1.9057 2.5095 1.8033 0.9343 1.4584 -0.0079
0.6962 0.7156 0.9658 1.0309 0.7110 0.6916 1.1620 1.8573 1.0670 2.2339 1.3359 0.7279 -0.0320
0.9232 0.9872 1.1600 1.0810 1.2627 -0.4335 0.9020 1.1482 1.5818 0.7417 0.7129 1.0844 0.0192
0.9196 1.3496 0.8313 0.9793 0.8304 3.4262 0.7642 0.7059 1.1874 0.7542 1.0860 0.7904 0.0274
0.8097 1.1118 0.8978 1.0886 0.8795 1.1413 1.4078 1.1824 1.1497 0.8020 1.6544 0.9145 0.0353
1.0585 1.0664 0.9660 0.8552 1.0390 -1.0785 0.6987 1.3132 0.0138 0.7218 1.3969 0.9898 0.0189
1.0954 1.1142 1.1203 0.9132 1.2450 0.8323 1.1441 0.9614 2.1619 1.5253 1.3002 1.2957 -0.0269
1.0116 1.2037 0.7503 0.8716 1.1694 1.6196 1.0094 0.5731 0.5965 0.7362 1.1941 0.9466 -0.0181
0.8168 0.7325 1.1391 1.0471 0.7799 3.5429 1.9615 1.4323 0.7237 1.3791 1.4155 1.3887 -0.0515
0.7485 0.9848 0.9753 0.9591 0.9055 1.9358 1.2254 2.2728 0.3250 1.2812 0.6972 0.8544 -0.0183
0.9670 0.7953 1.0787 1.0354 1.1043 -1.4964 1.2014 0.8990 0.2354 1.3491 1.6414 0.7861 -0.0031
1.1629 0.8181 0.7096 1.1171 1.1432 0.6675 1.2083 0.7729 1.0338 1.2810 0.6882 0.7001 -0.0238
0.8599 0.9801 1.0684 1.0969 0.5792 0.7706 0.5385 2.0605 0.2341 0.6969 0.8933 0.7362 0.0407
1.0646 1.0877 1.0018 0.8177 0.6735 2.0151 0.4330 1.1674 0.8058 2.3444 0.5995 0.8866 0.0245
0.9614 0.9351 0.9718 0.9341 0.6922 1.4387 0.9158 0.8937 0.0645 0.8400 1.2381 1.0362 -0.0137
0.8780 1.0028 1.0038 0.8720 0.8744 0.1185 0.2193 0.8858 0.7280 1.0664 1.1289 0.8206 -0.0127
0.9996 0.7348 1.0894 1.0455 0.8336 0.7953 0.5077 0.7230 0.2559 0.8151 0.9997 1.1743 0.0028
0.9759 0.9506 0.9455 0.9164 1.3258 0.0423 1.0364 1.9793 2.9959 0.5875 0.5891 0.9242 -0.0115
1.0243 1.1696 0.8929 1.1168 1.0086 0.2938 1.1660 0.3380 0.7962 0.8760 0.9940 1.3456 0.0439
0.7622 0.9639 0.9269 1.1004 0.8890 3.0063 1.2091 1.0161 1.9982 1.5056 0.5469 1.1727 0.0133
0.9288 0.9568 1.2970 1.1679 1.5053 3.4004 0.8187 1.2751 1.0292 0.9487 1.0464 1.1650 -0.0012
0.9441 0.8436 0.9686 1.2996 0.9102 0.9641 0.7145 0.4810 1.4680 1.3037 1.5459 1.3013 -0.0050
0.8575 1.0326 0.9150 0.9834 0.7359 2.6081 0.6892 0.4748 0.5533 1.5291 0.9262 1.3466 -0.0235
1.1604 0.6875 0.9451 1.0488 0.8756 3.5901 1.0112 1.2008 2.4656 0.7044 1.1492 0.8627 -0.0748
0.7429 1.4135 0.9927 1.2049 0.7498 2.1704 1.6106 1.9264 0.6877 0.6000 1.0388 1.0188 0.0167
1.0265 0.7421 1.0214 1.0707 0.9367 0.6235 1.3477 0.9808 -0.2254 0.9526 0.7600 1.6549 0.0187
1.1166 1.0175 1.0920 1.1259 1.4846 1.6648 0.9216 1.0394 0.0101 1.0701 1.0226 0.9912 -0.0215
1.1140 1.0433 1.1048 1.0428 1.0194 0.3603 1.1777 0.6603 0.9274 0.7663 0.8263 0.4495 0.0405
1.0326 1.1626 1.1166 0.9968 0.9343 0.3165 1.1746 2.3077 0.2120 0.3836 1.2197 0.7319 -0.0433
1.0216 0.9750 1.1163 0.9307 1.1135 1.9779 0.9221 0.7044 2.0904 1.4427 1.1112 1.1426 0.0118
0.9046 1.0681 1.1346 0.8233 1.0504 0.3334 1.3085 0.7774 1.4515 0.6738 1.2325 0.9331 -0.0033
1.0426 0.5720 0.9696 1.0751 1.2424 2.8452 1.3267 0.1698 1.8264 1.2272 1.2960 0.6832 -0.0167
0.7903 1.2478 1.0234 1.0944 0.7737 -2.1665 0.8027 0.9960 1.7477 1.3544 1.7219 1.3051 0.0128
1.1068 0.8108 0.7682 1.0100 0.6009 3.7611 1.5249 0.3860 1.2787 3.0100 1.7157 1.0799 0.0117
0.9427 1.1198 1.0686 0.8916 0.9576 2.0135 0.6073 2.9866 1.2579 0.6089 1.4604 0.6818 -0.0096
1.0022 1.0445 0.8710 1.0345 1.3922 -0.7169 1.1671 2.3672 2.1255 0.9462 0.3947 0.8382 0.0027
1.0141 1.1593 0.9963 0.8825 0.1543 0.0667 0.6755 2.5442 1.4383 0.5687 0.1266 1.2097 0.0374
0.9627 1.0296 1.0064 1.0497 1.1609 1.2006 1.2366 0.5669 2.0971 0.7956 1.3445 1.3791 -0.0586
1.0408 1.2518 1.0269 1.0290 1.5349 1.4146 1.2086 0.2445 1.5644 1.1873 1.2234 0.9076 -0.0267
1.0267 0.7631 1.2012 0.9971 1.1978 1.7298 1.5184 0.4829 1.6239 1.3128 0.6601 0.8836 -0.0547
1.0240 1.0506 1.0888 1.1617 0.7270 1.4140 -0.3210 0.5239 1.1891 0.8833 0.8323 0.4135 -0.0118
1.1478 1.2173 1.3041 0.8401 0.9621 0.8734 1.2379 0.9017 0.6010 1.3156 1.1656 1.2071 0.0489
0.9218 1.1947 0.8006 1.1244 0.6756 2.1069 1.1528 1.1495 1.6275 0.6610 1.1115 1.4626 -0.0040
1.1962 1.1269 0.9757 0.9453 0.9119 2.1042 1.7878 0.4928 1.0282 1.1106 0.8707 0.9852 0.0185
1.0659 0.9536 0.9312 0.9466 1.5221 1.4097 1.4846 1.0145 0.6995 0.9569 1.0950 0.3225 -0.0055
1.1038 0.8046 1.0204 1.0344 0.8030 -0.0170 0.8750 0.7134 0.8635 1.5259 0.8793 1.3154 0.0168
0.8774 0.5541 0.9491 0.8789 1.2625 0.5631 1.1145 1.2446 0.1275 1.1576 1.3135 0.8614 0.0322
0.9211 0.8781 1.1195 1.0111 0.6054 0.4828 1.6608 1.6469 1.9518 1.6439 1.0139 1.1359 0.0180
1.1046 1.2875 1.1717 0.7842 0.8185 0.1873 0.5530 1.1444 0.6439 2.2938 1.4622 0.9771 0.0578
1.0092 0.7964 0.9580 1.0826 0.5341 1.7012 1.3256 0.4588 0.4343 2.0158 0.6900 1.4148 -0.0269
0.9822 0.8038 0.9876 0.9928 0.8904 1.8439 0.8913 1.8118 2.0019 0.5509 1.1324 0.9373 -0.0256
1.0502 1.0804 0.8123 0.8261 0.7811 0.3624 0.7274 2.3330 0.8730 0.6780 1.5806 0.7634 0.0351
1.0293 1.0845 0.9202 0.9298 1.1600 1.3505 1.0648 0.8789 1.0236 1.1547 0.7210 0.8470 -0.0220
1.0893 1.1817 0.8141 0.9308 1.1249 0.2528 0.7201 1.9038 1.2067 0.2283 0.9652 0.9321 0.0051
1.0663 1.1569 1.0360 0.8729 1.0830 0.5210 0.9259 0.8344 0.3309 1.3761 1.2318 0.7845 0.0327
0.8782 0.9759 1.1202 1.1903 0.8492 -0.8974 1.1929 1.7181 0.8080 2.2634 0.5899 0.5462 -0.0090
0.9963 0.8065 0.9396 0.9119 0.7966 2.8631 0.6871 2.0686 0.2698 1.5019 0.6527 1.1366 0.0020
1.0863 0.9636 0.9992 1.0694 1.2813 0.2549 1.0486 3.5756 1.4950 0.6931 2.0030 0.8374 -0.0104
0.6626 0.7675 0.9839 0.9438 1.0970 1.6368 1.6204 1.1669 -0.1067 0.8429 0.5640 1.2508 0.0004
1.0449 1.3371 1.0829 0.8458 0.7066 0.6930 1.3506 0.6482 -0.5001 0.5388 0.3172 0.9924 -0.0235
0.8614 1.3527 0.9418 1.0709 0.8339 1.4343 0.8884 1.2844 1.4953 0.9766 0.9196 0.3689 -0.0450
1.0225 1.0620 1.0337 0.9099 1.0620 -0.2248 0.7722 0.9968 1.3037 0.5713 0.9993 1.3601 0.0200
0.8842 0.8574 0.9671 0.8912 0.7633 0.8912 0.4236 0.3733 0.4498 1.8935 0.5474 1.0599 0.0654
1.1721 0.8932 1.1900 1.1864 1.6025 0.5505 0.9717 0.2129 1.7381 0.7165 0.7148 0.7243 0.0002
1.0450 1.0009 0.9660 1.0638 1.2855 1.2370 0.6983 1.3869 0.7664 1.1094 0.7925 1.3241 -0.0251
1.1817 1.1158 0.9132 1.0234 0.7059 0.9746 0.7121 0.3312 0.7172 1.3071 1.4551 1.5793 0.0044
0.9350 0.8836 1.0941 0.9986 0.5473 2.7671 0.3662 1.2767 0.2045 1.3010 0.4333 0.9389 -0.0103
1.0399 1.1582 0.9532 0.8425 0.5625 1.5120 1.7756 0.2534 2.3701 1.4500 0.5442 1.4065 -0.0196
0.8190 1.1507 0.9621 1.0582 0.7987 0.4651 1.1418 0.7144 0.3796 1.3458 1.2110 0.9122 -0.0494
1.1455 0.7257 0.9849 0.9368 0.9829 0.8397 1.5179 0.4592 0.4942 0.9059 1.0783 0.3899 0.0151
1.0791 0.7757 1.0646 0.8734 1.1083 0.7766 1.3760 1.5526 0.5387 1.3704 1.4536 1.4004 -0.0248
0.9725 1.0069 0.8179 1.0940 0.7203 3.2218 0.3587 0.6240 0.7415 0.7510 0.9454 1.5090 -0.0254
0.8895 1.0216 0.9421 0.9904 1.7747 -3.8473 0.7421 0.3866 1.3172 1.2942 1.0738 0.5390 0.0442
1.0993 1.2150 1.0174 0.7893 0.8043 1.1550 1.5239 1.3947 0.6042 0.8252 0.5498 1.1905 -0.0104
1.0214 0.8093 0.8965 1.0144 1.1657 -0.4209 0.8985 2.3973 1.7721 2.6004 1.4079 0.9261 0.0414
1.1049 0.8874 1.0398 0.8288 0.6343 1.4681 0.9919 0.8705 1.6914 0.8390 0.6472 1.4237 0.0196
1.0614 1.0092 1.0277 0.9847 1.0792 0.9680 1.3073 0.7891 1.0528 0.4092 0.4685 1.2190 0.0024
0.8981 1.0571 1.0008 0.8679 0.6966 1.5348 1.0660 0.7077 0.6534 0.9777 0.6596 0.8987 0.0312
1.1679 1.1654 1.2872 0.8216 0.7645 1.1717 0.9265 1.0382 0.8790 2.3222 0.9196 1.1401 -0.0112
0.9402 0.8795 0.9173 1.0347 0.6792 0.8289 0.9033 1.0429 0.4937 0.7157 1.5705 0.7178 0.0032
1.0426 0.7871 1.0963 1.1013 0.6733 1.6123 0.8951 0.7784 1.2767 3.0561 0.8284 1.3643 -0.0365
1.0543 0.8501 1.0124 1.0565 0.8704 1.8642 1.4308 0.3229 1.3757 1.4138 1.7175 0.8300 0.0177
0.9571 0.8421 0.8539 1.0199 0.7703 -0.8277 1.5298 0.9014 1.6975 1.3745 0.9895 1.0630 0.0023
1.0213 0.8657 0.9395 1.0222 1.4385 -0.6902 0.3379 1.4417 1.0098 1.3923 0.4363 1.6108 0.0636
1.1349 1.1380 0.9275 0.7552 0.2824 -0.2843 1.4941 0.9447 1.5004 0.5046 0.5469 0.9988 -0.0638
0.9592 1.0366 0.9012 0.8053 1.8153 2.1462 1.0397 2.0829 1.9077 1.8510 0.9008 0.7710 -0.0363
1.2040 1.0921 0.7605 0.9024 0.8892 2.1069 0.8516 1.7760 0.6342 0.5290 0.5911 1.2147 0.0468
1.0251 1.0871 0.9338 1.1028 0.9744 0.3960 0.9763 0.3307 1.4434 0.5543 0.8574 0.8911 -0.0222
1.0005 0.8428 1.0526 1.1664 1.1316 0.4879 1.1890 0.5173 1.2018 1.5152 0.3674 0.1394 0.0466
1.0745 1.0009 0.7489 1.3133 1.6387 -0.9466 0.5961 0.6189 1.1181 1.4219 1.2959 1.2072 -0.0596
1.0740 1.0882 1.2311 0.9695 0.5168 1.5409 1.3757 1.8979 0.8023 1.5447 1.2232 1.0411 0.0060
0.8273 1.0981 0.9222 1.0625 0.8712 -1.4623 1.4506 2.2408 0.8007 1.0117 0.2792 0.8031 0.0303
1.0066 0.7952 1.1066 1.0467 0.8998 2.1784 1.2741 0.5783 0.7094 0.8474 1.1330 1.0263 0.0281
0.8999 0.8444 1.0704 1.2350 1.1711 0.9061 0.2532 0.7851 -0.1743 1.6187 1.0567 1.1465 0.0796
1.2284 0.7722 0.8797 1.0218 1.2580 1.2507 1.5620 0.6622 0.3223 0.5990 -0.2215 0.8122 -0.0093
0.7066 0.9942 0.9805 0.9345 1.0044 0.9038 1.7957 0.4759 1.1496 1.5461 1.6587 0.9431 0.0384
1.0924 0.4870 1.1051 0.8239 1.4250 0.2997 0.9316 1.6398 1.7820 1.4673 1.1834 0.8899 -0.0544
1.0923 1.2301 0.9450 1.0411 0.8284 -0.3358 0.7428 1.0810 0.7773 0.6582 0.4292 1.2385 0.0507
1.1359 1.1377 0.9669 0.8425 1.0860 1.9903 1.1806 0.7428 1.1340 0.4100 0.8158 0.7397 0.0500
1.0199 0.9418 0.8673 0.9047 0.3970 2.0698 0.7173 0.4369 1.6420 0.7991 0.7409 0.6624 -0.0160
1.0858 0.8788 0.9033 1.0271 1.0848 1.5700 0.7559 2.1846 0.7087 0.9028 0.7420 1.1921 -0.0055
0.8904 1.0997 0.9317 1.0960 1.0211 1.4831 0.9406 0.3663 0.9467 1.0480 1.2136 1.3681 0.0132
0.8340 0.8143 0.7859 0.9026 0.8036 2.3215 1.4255 1.2816 0.9688 1.2362 1.1729 1.1975 0.0011
0.7741 1.3632 1.2836 1.1084 1.7765 -0.3642 0.8372 0.6441 0.9585 1.3529 0.3132 1.2696 -0.0364
1.1785 0.9451 1.0483 1.2655 0.9384 2.8435 0.9912 0.9894 1.5582 0.6332 0.7269 0.7169 0.0084
0.9924 0.9073 0.9833 1.2270 0.7704 1.7208 0.9115 1.1436 0.4293 0.9787 1.6478 0.8885 -0.0062
0.8497 1.1078 1.1194 1.1265 0.9965 0.4884 0.8205 3.7367 0.9832 0.8291 0.8336 1.2030 0.0205
1.1432 1.1417 1.0008 0.8428 2.0503 1.7740 0.5134 1.5655 1.2735 0.8096 0.9994 0.2367 0.0033
1.0012 1.1060 0.8201 0.8588 0.6979 1.4920 0.6886 1.2054 0.6722 0.9327 0.5069 0.6783 0.0311
0.8363 1.4651 1.1471 1.0144 1.2017 1.7320 1.2944 1.8811 0.3404 0.7668 1.2004 1.2255 0.0356
0.8731 0.9946 1.0431 1.1564 0.4312 0.9281 1.2239 1.2012 0.4223 1.9225 0.5905 0.8737 -0.0263
1.1337 0.9366 0.9200 1.0151 1.2545 1.5398 1.4111 2.3394 0.4242 1.1048 0.8915 1.1799 -0.0030
0.8987 1.1054 0.9313 0.9337 0.9500 1.5766 1.3767 1.5410 0.1893 1.2078 1.5313 1.4254 0.0081
0.9760 1.1931 0.8063 1.0604 1.1562 2.1548 0.7766 0.6263 2.0370 0.4219 1.0109 0.6788 0.0164
0.8748 0.9419 1.1355 1.1011 1.0960 1.7654 0.8040 0.9567 0.9347 1.0182 0.7199 1.1448 -0.0159
1.2549 0.9300 1.1317 0.9540 1.0054 -0.0976 1.2293 1.4434 0.5969 1.2738 0.4840 1.4547 0.0071
0.8848 0.9986 1.1450 0.7745 1.1728 2.5876 0.4539 0.4189 1.0830 0.6580 0.9993 0.9446 -0.0432
0.8709 1.0393 1.1067 1.1623 0.8205 3.3846 1.2207 1.4681 0.6737 1.2417 1.0115 0.7618 -0.0450
1.1852 0.7974 1.0624 0.9246 1.2384 0.6341 1.4196 0.8681 0.6533 0.4247 0.6490 1.2549 -0.0145
1.0219 1.0558 0.9395 1.1581 1.5647 1.5560 0.3955 2.4466 0.6639 2.2467 0.9008 0.8580 0.0136
0.9816 0.9767 1.0066 1.1658 0.8559 2.6507 1.6800 0.9703 1.5859 1.0755 0.3929 0.9544 0.0196
0.8413 1.1328 0.8696 1.1590 0.8600 0.2130 0.9152 0.9174 0.8944 0.6054 0.5888 1.3195 0.0097
0.9864 1.0226 0.9323 1.0852 0.7409 1.5370 1.0455 1.3296 0.6703 0.8197 1.6389 0.8857 0.0091
0.9055 0.7168 1.0819 0.8757 1.5010 0.5003 0.8040 1.1443 0.5207 0.6527 1.1129 0.8920 0.0146
