1.099891626488150642e+00 1.140431329875111199e+00 1.086438756617775780e+00
9.166808167734651347e-01 1.057947369070589616e+00 9.011890101231709860e-01
1.062547310920544330e+00 1.022183470327746591e+00 1.017198835651031974e+00
9.790995634516683754e-01 8.617928291663013995e-01 8.409320262421243752e-01
9.716353255945694434e-01 9.940542123225029059e-01 9.586653533168313368e-01
9.481901900470837141e-01 9.922942282962169402e-01 8.162320002823535425e-01
1.021919986918178536e+00 1.065840072174514486e+00 1.054290283246080984e+00
9.899702488783126419e-01 8.976045621619568315e-01 1.044482190544102185e+00
8.450661026174364210e-01 8.564302557413957517e-01 9.639047949863067677e-01
1.091965996801930183e+00 9.605074958974145760e-01 9.089445423290781756e-01
9.216934947915335075e-01 1.008772719228319792e+00 1.065659614391946786e+00
1.012926780503998758e+00 1.112414787196913002e+00 9.937368424922767840e-01
9.747897978741475455e-01 1.018797702427084895e+00 1.023998700676003848e+00
9.456756448789650493e-01 1.040637303587979456e+00 1.048440836199783455e+00
9.869602196889976087e-01 9.189321331411450799e-01 9.341919044929444249e-01
1.034380753077862591e+00 1.039244595088606005e+00 1.002930245833631107e+00
9.858269490986631967e-01 9.900627571427995655e-01 9.908640054274197029e-01
9.774916550065330112e-01 9.069618270610839694e-01 9.657246156956867944e-01
8.956742816001698193e-01 1.034385704131659089e+00 9.768862384679324329e-01
1.043338096982773022e+00 1.000569300262597716e+00 1.005586546372367440e+00
1.077697011127302318e+00 8.431036334620267692e-01 9.899230550050196475e-01
9.902267059034691732e-01 9.022752189786447108e-01 1.036926118186437762e+00
1.033704510806246368e+00 9.213443766828754988e-01 9.237615977357567232e-01
9.344983639758618343e-01 1.163152132756991142e+00 1.045644635611176598e+00
1.028754405264849625e+00 9.484889578222235329e-01 9.695037437762169530e-01
9.575986293204739042e-01 1.026875901637459121e+00 9.985426179137995017e-01
9.539217448906128771e-01 9.929372680153318864e-01 9.641705480029344466e-01
1.015601805444597217e+00 8.723556770719983477e-01 9.569623585630998575e-01
9.971871379830268278e-01 9.293407791056040868e-01 1.077648718167879549e+00
1.030247371065488693e+00 1.028487790920734835e+00 1.024949342254067641e+00
8.898363936601071389e-01 9.208680812344451905e-01 1.085318777021763825e+00
9.967476287290111259e-01 7.981481513293389174e-01 8.670761698243519833e-01
1.009385579338786032e+00 1.022443288290666219e+00 1.000376083441693043e+00
9.966574305424059643e-01 9.167308133787305247e-01 1.010293451980480040e+00
1.077460551363936148e+00 1.095928508521887501e+00 1.000607320634627317e+00
1.061560145529245158e+00 1.222141471756951869e+00 9.236096328390234200e-01
1.095084507897012394e+00 1.129114280921501345e+00 1.015859066533963739e+00
8.763732698206135874e-01 9.472463799555792541e-01 1.074119111918420577e+00
8.402868104588810949e-01 8.525248905106024289e-01 9.785427111217429585e-01
9.344337687244850255e-01 9.069323292528048697e-01 1.021975781740302791e+00
9.357893940850726677e-01 9.171784377896787799e-01 1.029266596940420220e+00
9.555862007377281531e-01 1.050099163974299810e+00 1.105346970308714205e+00
1.009185000993445769e+00 9.734028840851574049e-01 1.126160469088754779e+00
1.036402388239404671e+00 9.944467662867222391e-01 1.076622614246958598e+00
9.593551243542333129e-01 1.075716828190752317e+00 9.806125387742721244e-01
8.150831947631126395e-01 9.808072983712105009e-01 8.176825135721415005e-01
8.954807208734801849e-01 9.595778253075614161e-01 1.054317220517795306e+00
1.221903813214655798e+00 9.552012312767996782e-01 9.990222934862851289e-01
1.025980667180139916e+00 1.135780176706368216e+00 1.080671172454133355e+00
1.094148090780774796e+00 7.928815186486871669e-01 9.967819770478139052e-01
9.495586302988809901e-01 8.980785636533322736e-01 1.077866156847018697e+00
1.051296473428956046e+00 1.028702029664191109e+00 1.062858956132181509e+00
1.092534874918460908e+00 1.056901459374432362e+00 9.677004443101642206e-01
8.456404486160633560e-01 9.678752003169778240e-01 9.788392267522402213e-01
1.026063526005514204e+00 8.648476317334726771e-01 1.081863247813273921e+00
1.070563929414540150e+00 1.122523982173501134e+00 1.040867288459461637e+00
8.806836739555528037e-01 9.527074958322929721e-01 1.018685986440752922e+00
1.091505601667045244e+00 9.696990876794528980e-01 9.772952214996107889e-01
1.024031611871330405e+00 9.863972316322332512e-01 1.081493021987419478e+00
9.939046661953003792e-01 1.098416553211955637e+00 8.557643419563019105e-01
8.754000921507193445e-01 9.134843864161690252e-01 1.113954787011396386e+00
9.933908988452405664e-01 1.010569123126910496e+00 1.134405874301640527e+00
1.098777730074828707e+00 9.280550977398055457e-01 9.685350842902148427e-01
9.761104595009075791e-01 1.045586519296154870e+00 1.042982699619841691e+00
9.786365713845747161e-01 1.041658104453969669e+00 1.063959523835331211e+00
1.169343200470145172e+00 9.805922499186433550e-01 9.557635849864719590e-01
1.135973598494299130e+00 9.991701317113267367e-01 1.067404475392901730e+00
8.944997885002710092e-01 1.049894595805202391e+00 9.812250393775072688e-01
1.073500208395032018e+00 1.087843737389603049e+00 9.149207350341839184e-01
9.215337979333504403e-01 1.118432571240037143e+00 9.881496079321464565e-01
1.017272279661019407e+00 9.441506159088568495e-01 1.197073424720229484e+00
8.362051972718358428e-01 9.519071394403501030e-01 1.006172940798157889e+00
1.080929414117197007e+00 9.243171865826352862e-01 9.464760143112774804e-01
9.452065339380282261e-01 1.173207127989459586e+00 1.039916649160147033e+00
9.432271845043717073e-01 1.001046915648341251e+00 9.043815285435699014e-01
9.296184019414759359e-01 9.759759693699618932e-01 1.059293979336183078e+00
1.021763339331425380e+00 9.605083407177528176e-01 1.065962870799938012e+00
9.394094197454190276e-01 9.287816825539807475e-01 9.332947346230118235e-01
8.691610983623528908e-01 1.024194949516243014e+00 9.905826550513143758e-01
1.103136537380737803e+00 1.032901123956247780e+00 1.033096326246373931e+00
1.126635634011329712e+00 9.954095387871633172e-01 1.060381646648337561e+00
9.656722643039314935e-01 9.008297333015871100e-01 9.914294977010669196e-01
8.711104933479488777e-01 9.993449276799887260e-01 9.857601385459919818e-01
1.065428474430399230e+00 9.210374669245751100e-01 1.080509826140727769e+00
8.548084240613148532e-01 1.050305783236875179e+00 9.156833620410850250e-01
8.349158069141616734e-01 1.124713504365535854e+00 1.014755609980664497e+00
9.737567127801441957e-01 9.543831191800042912e-01 9.932849405896698736e-01
1.099780577533889803e+00 1.010382422570499816e+00 1.033431457492568484e+00
1.079396584258175196e+00 1.011744021798040682e+00 1.096571141602742827e+00
1.037209531346279467e+00 9.829359956419017053e-01 9.685852343303551493e-01
8.960361243902233985e-01 1.001691003964610527e+00 9.408553109141288839e-01
9.716054584518597492e-01 1.097439151488106779e+00 9.700354762104850259e-01
1.081838974231173145e+00 1.100372232779709414e+00 1.008946066678747311e+00
1.046151651791805248e+00 1.152415033657999244e+00 1.087017004583137103e+00
9.702116126847497579e-01 1.088474297206368790e+00 9.856118289666037091e-01
1.006315395601461660e+00 1.004031944244444974e+00 1.056383023528994825e+00
8.173524917440889714e-01 9.744181353586109928e-01 8.790992979566354393e-01
8.656783496654060217e-01 9.682092516635584234e-01 8.705303894868290371e-01
9.716922195357001746e-01 1.113612623980807292e+00 9.115018839156419084e-01
1.046046943197352252e+00 9.845555464609090368e-01 1.079974971582681853e+00
1.124396748243794875e+00 9.972359349988539901e-01 9.248445891648887640e-01
8.924605978478938884e-01 9.440073620444869862e-01 1.068641903579208741e+00
9.925665829314453958e-01 1.081434002108105918e+00 9.333760376414577120e-01
1.066289702114932458e+00 9.998729047496650590e-01 8.989046748698054090e-01
1.133247615338135450e+00 1.016824642973812365e+00 1.137907951453539290e+00
1.034349309014549911e+00 8.645290711198109213e-01 1.045173787906697571e+00
9.556935858273536422e-01 8.836215793352857339e-01 1.003009963274064997e+00
1.095947326737565231e+00 1.036317287329635128e+00 1.091614349258233752e+00
1.081832931870212677e+00 9.461939707400612853e-01 9.084247403868133119e-01
8.123523444186886433e-01 1.051423058298321722e+00 9.321712678617078973e-01
9.317754895251461056e-01 1.090657296095575157e+00 1.161473828392925789e+00
9.384779795058851848e-01 1.116660299293315672e+00 1.046983037027440888e+00
9.785148336056759266e-01 8.859263799241491322e-01 1.024474748858074324e+00
9.884520583418420214e-01 9.506091784448262860e-01 8.302463567923104026e-01
1.002628797536964100e+00 8.621177382665736744e-01 9.656579267826095325e-01
9.910290821727926192e-01 1.013223456080414087e+00 9.639999808520289815e-01
1.017335988990995199e+00 9.805785043982501170e-01 9.643178235228394568e-01
9.471655190064790508e-01 1.095265110337041659e+00 1.022297727903239695e+00
9.678895526937169036e-01 9.652535546314121584e-01 9.487650462363553805e-01
1.111284421692662283e+00 9.363838825460990556e-01 1.011401436833410550e+00
9.874799978725693483e-01 9.394759559041249153e-01 9.515814210748299029e-01
9.443110076249974227e-01 9.715952341197832132e-01 1.044045464645988464e+00
1.079517106048347941e+00 1.026440756006713251e+00 9.844019864129018860e-01
9.558398911492034244e-01 8.650120131817946589e-01 1.072551750378006208e+00
1.014698174476921899e+00 9.793611360241406549e-01 1.028197517920510951e+00
1.031343175064330486e+00 1.110150084453257247e+00 8.527023002316467259e-01
9.573555425660169593e-01 1.044153944324677674e+00 8.836255789332930766e-01
1.002402849571728538e+00 1.087093135422201762e+00 9.985099560339223412e-01
1.003814416057532632e+00 9.242589491348878195e-01 8.940543061683362547e-01
9.427577021340109997e-01 1.002693745388571145e+00 1.053965092999796571e+00
9.403778988584766685e-01 9.867966012631279593e-01 1.160483321276433610e+00
1.228232382679895540e+00 9.733795326113985347e-01 1.018536321866954530e+00
1.119474874107473150e+00 9.833274883381570852e-01 9.914251958312048085e-01
1.027915458052390374e+00 1.048876427134554090e+00 9.661074069712544121e-01
1.070817149358743503e+00 9.925245630946545328e-01 1.101303381000975801e+00
1.095948021615748891e+00 1.033298777173054850e+00 8.310634399059014799e-01
9.423638611450948499e-01 9.458301632259619174e-01 1.034769006951470782e+00
1.079844166687107476e+00 9.601881049039648897e-01 1.130519931164047032e+00
1.100061407748819553e+00 1.093864436605794577e+00 1.105185938747672569e+00
1.028806093444281755e+00 9.842869237694551465e-01 8.684038293879030590e-01
1.087879567386525359e+00 9.550498270917836541e-01 1.159577755405562849e+00
8.680717348809366962e-01 1.129327843085601746e+00 1.046865119437887293e+00
1.093087393810764585e+00 9.931705365122893703e-01 8.874449503534772576e-01
9.113232544867426732e-01 9.791784642375694903e-01 9.420719381684874438e-01
9.703180081436780791e-01 1.084732492630138490e+00 9.787607225233700969e-01
1.112741832102634554e+00 1.131477344226397896e+00 9.583475396018404924e-01
1.044197274333882985e+00 9.673364291573817164e-01 9.831637684528479193e-01
1.061573655096663460e+00 8.736174503623516108e-01 9.875587159832341921e-01
9.549198794587966388e-01 9.215449720947538337e-01 1.123519213865689759e+00
1.054349845148233378e+00 8.584063318193541070e-01 8.930796770333828682e-01
1.049789718580154796e+00 9.690717937328580112e-01 9.246118012381555618e-01
9.448352040526341034e-01 1.056209354392710908e+00 9.961341151972153973e-01
8.417710597593741628e-01 1.142252660555689747e+00 9.986685841657632068e-01
1.126860419673549218e+00 1.109771232538126373e+00 1.105033674452186032e+00
1.146393596706346774e+00 9.923530176033601435e-01 9.522953889910673597e-01
8.988611312356932226e-01 1.029484973187855923e+00 9.469825476850219914e-01
1.125804854333834815e+00 9.708234403748357000e-01 9.372462295042509606e-01
1.087666882428424797e+00 1.141995486698495377e+00 9.889147307164440903e-01
1.115594707518015483e+00 9.939040588375215313e-01 1.082636272544267753e+00
9.643059667163518256e-01 1.008243530471116589e+00 9.156505868825185468e-01
9.545132884490407088e-01 9.504280691078906829e-01 9.812460356739243217e-01
1.010258483645721350e+00 1.056893002267501380e+00 9.824361893234239140e-01
9.832186953820017949e-01 1.008956750632312716e+00 9.134349481633291523e-01
1.080326274528017771e+00 9.263862084947054321e-01 1.020771064079350365e+00
1.087585413929150979e+00 1.026390986081670009e+00 9.964490563195821382e-01
1.029517577253065586e+00 1.059716107193685364e+00 1.011484201033621355e+00
1.089801041733204023e+00 1.026347695856675513e+00 8.801256060275916004e-01
1.049332939411688370e+00 1.084635135660716898e+00 1.163785523804955702e+00
1.190760184414547451e+00 1.038234330440275244e+00 8.853190917817996830e-01
1.025835883645706881e+00 8.817102697103733622e-01 1.083252469298029208e+00
9.610291408788760315e-01 9.981690747590293844e-01 1.097997123169000444e+00
9.570918699346731007e-01 1.007050764587584801e+00 1.094572833686505930e+00
9.690753521892383482e-01 1.025437266256087110e+00 1.000104937538549343e+00
1.060830917540318552e+00 9.988296333339008459e-01 8.857646262325865605e-01
9.920562407306517949e-01 9.755328080816810798e-01 9.470835524330789568e-01
1.015283659327877341e+00 1.155741859218628376e+00 1.037118313278816650e+00
1.106133096276280092e+00 1.008947698079829758e+00 1.041491833736401640e+00
1.001308948422879430e+00 9.038902158119476171e-01 1.099557239159210775e+00
9.850437489829239057e-01 9.490550348574385842e-01 9.128714583685848538e-01
9.628999262299953177e-01 1.046573513331251037e+00 8.063166455081870465e-01
9.177002650035421816e-01 9.410797260583141366e-01 8.743972524590037931e-01
1.161727631235545788e+00 1.123699846716870177e+00 1.185942146849991330e+00
1.012732739329478715e+00 9.893370996267943918e-01 1.024254539586886947e+00
1.138039137569419212e+00 9.798025173439345314e-01 1.062026862294849217e+00
1.029090098093041972e+00 9.816346990648230353e-01 1.089563527147463295e+00
1.040803091095296784e+00 1.152640239463882388e+00 9.210246045270349402e-01
9.741132295556116372e-01 1.052009869606030490e+00 1.124982173324192702e+00
1.119983219331073920e+00 1.136231171786621585e+00 9.850357767201175507e-01
9.423270122420777106e-01 1.030196212578611492e+00 1.167473662616008934e+00
9.650491492328379106e-01 9.799037739026040805e-01 1.049847447822533475e+00
9.165593521785103670e-01 1.067952065723040578e+00 8.942710266174863643e-01
9.997005830171118435e-01 1.105186339672924234e+00 1.058356098142241741e+00
9.848769142798634579e-01 1.032974304974319413e+00 9.969920579380440184e-01
9.341597645414496665e-01 1.016289927220503486e+00 1.066500570747352938e+00
1.059915818278677646e+00 9.099543784276997727e-01 1.124728029659765038e+00
9.143002956881280952e-01 1.026750884844098044e+00 1.011251325464806561e+00
9.765885928564597140e-01 1.081922806359211675e+00 9.301559561249042041e-01
9.922324708727597864e-01 9.679388949805519671e-01 1.055959495023798267e+00
8.429962033984774727e-01 1.078307693352880570e+00 9.689911689306007769e-01
9.792274036473429533e-01 9.579822166883089629e-01 9.578910842648175050e-01
1.032770563472017233e+00 1.161314843578098888e+00 1.023848944628479307e+00
1.214629190181885088e+00 1.035795689817536447e+00 9.844543026488388193e-01
1.033722896882782960e+00 1.019452968559373174e+00 1.096306828840054592e+00
1.038233183902487644e+00 1.010131498817820717e+00 8.377104518237439290e-01
1.013123261780938922e+00 1.140560651025100070e+00 8.590115157891758946e-01
1.038503342308554567e+00 1.118227682496692132e+00 1.003703378749705388e+00
9.945030235530343266e-01 1.039265814180010183e+00 8.985622743983106009e-01
9.937348084889422450e-01 1.019677618849357703e+00 1.050197768781347518e+00
1.046901021813982036e+00 1.093940507803099704e+00 9.661640169408700629e-01
1.008589256084457597e+00 9.705256013606856635e-01 1.021539322984733156e+00
9.914429412268270791e-01 1.103745712333169315e+00 1.083818180319730873e+00
9.900474131759250396e-01 9.062587764781697697e-01 1.117587369881955173e+00
1.085859283704829981e+00 8.851625297647593982e-01 1.029712488173551099e+00
9.569843570322333903e-01 9.505628915488268937e-01 9.860852827183743674e-01
9.212144026235258298e-01 9.523380383906244750e-01 9.571304492453639456e-01
1.020866381777302045e+00 8.464087339113823827e-01 1.046516397678352472e+00
1.130156655475509142e+00 1.062485844185667716e+00 1.052104555925676310e+00
9.813122689840285684e-01 9.290499117085521119e-01 1.031035816105054348e+00
1.121486840861866785e+00 9.412095199281985680e-01 1.078383350621576087e+00
1.004049071333862564e+00 1.002892196719403772e+00 9.911701357039617299e-01
1.033953048519911322e+00 9.573112198400892670e-01 9.592744436518110263e-01
9.032714357563307317e-01 1.097250634196986985e+00 1.016226957299223299e+00
1.024672463490268415e+00 1.003708072667612639e+00 1.105365777778084091e+00
1.052475697624623008e+00 1.202802685783425529e+00 9.521924763565529082e-01
1.132776502977452804e+00 9.676540498548509284e-01 1.059855696183328755e+00
1.076775398817880980e+00 8.711111445100280237e-01 1.040380696821236572e+00
1.010318817177839223e+00 9.948359329960529962e-01 9.361081523525284220e-01
1.018549093684565809e+00 8.946895820455886827e-01 8.776866527428334175e-01
8.925464058672992751e-01 9.940225540074554278e-01 1.049647457939907103e+00
9.521142956169693639e-01 1.080522608542582086e+00 9.714585084100402224e-01
1.112814140841945632e+00 9.287435472461673669e-01 9.652463219841823650e-01
1.189289263561108534e+00 9.873613162060347337e-01 9.991008006124725283e-01
9.424035427096209006e-01 9.561948645732842866e-01 1.062165559037080431e+00
1.086692362224819464e+00 1.054449909395973384e+00 1.132417029385436757e+00
1.091090747123386828e+00 1.023201532096758681e+00 9.623489152726880658e-01
9.633633275694468701e-01 9.002843416767228879e-01 1.091951650274046726e+00
9.917218225093888950e-01 1.015136105808576161e+00 1.000330314192828807e+00
1.005364293755577787e+00 9.960607415280836596e-01 1.108184751958278591e+00
9.885524106391391230e-01 9.925082954091347665e-01 1.086663445023976271e+00
9.859779569985357428e-01 1.065908801675151452e+00 1.089449973646447356e+00
1.070177259025022254e+00 1.123534072771274372e+00 1.015465440891417659e+00
9.604539798486655400e-01 9.939960593583258008e-01 1.003945691190271994e+00
9.681356521599454590e-01 8.427991006768832394e-01 1.036483025013092529e+00
1.033397185005029861e+00 8.901647643647716546e-01 9.441354929636397442e-01
1.011800037931615437e+00 9.899018860873394221e-01 1.154729854110965626e+00
9.803816394924590449e-01 8.260905751749703096e-01 1.009123110659763123e+00
1.008571216948217053e+00 1.022621440153614225e+00 9.575434698435456582e-01
1.083859976928517987e+00 1.111082202663592255e+00 1.027796863215922896e+00
9.952552699493728561e-01 1.022823123095719655e+00 9.458721304906506644e-01
9.958301844929746682e-01 7.969195097195854727e-01 1.023311069171495280e+00
1.029496858192122888e+00 9.099542285035466804e-01 7.333417746351514888e-01
9.814471304771957838e-01 1.073138587720196213e+00 9.649599348166171264e-01
1.006442555778073622e+00 1.010721443061268987e+00 1.080039380908036639e+00
1.111234844542596578e+00 1.044592101856949284e+00 1.036430322717467378e+00
1.112033326855019988e+00 9.941749234745843600e-01 8.852912687803672354e-01
1.040946753658454904e+00 1.034728476337394731e+00 1.007316660108760420e+00
1.099657398760807370e+00 1.087203135333569382e+00 9.284060395203725946e-01
1.092196429243321498e+00 9.598555807669381101e-01 1.032123993261744976e+00
1.037865686785082620e+00 1.175118083068399377e+00 8.875846421270824349e-01
9.302614350766738038e-01 9.711502252331166707e-01 9.322762307837214601e-01
9.481901003129621364e-01 1.061612819829206966e+00 1.048716314842643271e+00
1.110002907480206691e+00 1.093817915170792521e+00 9.546968374531765722e-01
1.128428510665272722e+00 1.109687757897804605e+00 9.970433483026112098e-01
1.044700791258516448e+00 1.104320939302989801e+00 9.757078173090093509e-01
8.899012609899870085e-01 9.508415396379932272e-01 1.103351038951310148e+00
1.094992575888463548e+00 8.577740957912510789e-01 9.836861059239673244e-01
1.033263809738083738e+00 9.603837341329586330e-01 1.091581924909360346e+00
1.097314449776841228e+00 9.507177085991269649e-01 1.038110570462305038e+00
1.134270118553313500e+00 9.191007132407412739e-01 1.171947477996565290e+00
9.595722544439431179e-01 9.060447284429546944e-01 9.599097771348964470e-01
8.256374321662293125e-01 9.971938165565847889e-01 9.355074639689567872e-01
9.617427467639853012e-01 1.064775158209149142e+00 1.037870504900342716e+00
9.569934090863291276e-01 1.116526542680536416e+00 9.899053567621191041e-01
1.073043468632142172e+00 1.064473729153949444e+00 1.010327877913014927e+00
9.273236616572879676e-01 9.522050098475686175e-01 9.534826752765593882e-01
9.585825675360191145e-01 1.207902200463264020e+00 1.118362461857413948e+00
1.151272661471012038e+00 9.994155094121185412e-01 1.115156144398075755e+00
9.951315475030338975e-01 9.728014480088011950e-01 9.506755068827206223e-01
1.007156328780490329e+00 9.038338077589076480e-01 9.667068554034671246e-01
1.068932401366915919e+00 8.779549944459983379e-01 1.148477863601131910e+00
9.244469533059131994e-01 1.010452359503302810e+00 1.005354059408157141e+00
1.037673082238451228e+00 1.033834207706009867e+00 1.001449470900622751e+00
1.032405135648183592e+00 1.117568722729732400e+00 1.068018745295649996e+00
8.598345901642229228e-01 1.044755452253288697e+00 9.988970274104707059e-01
9.108060794052026399e-01 9.985826373150380464e-01 1.013914598313846227e+00
9.866783574862733053e-01 9.429930767239175227e-01 1.060514719831368247e+00
8.768281699751430125e-01 8.750981826347119519e-01 1.018878673771240306e+00
1.005184361128912629e+00 1.067076205687091273e+00 8.879961725587705024e-01
9.832462423009070696e-01 8.601194816243146191e-01 1.010362885249300069e+00
1.088064324731904176e+00 1.086214675832342769e+00 1.072308629228547083e+00
1.088649101089665727e+00 9.157866982954043777e-01 8.896124295758985889e-01
1.143122173452983059e+00 9.358874473292657648e-01 1.112764032154564431e+00
1.015612611677220611e+00 1.026028483211785192e+00 8.351189367442171108e-01
9.514856739669418362e-01 1.025389868201716403e+00 1.120235161060076035e+00
9.425623266052886029e-01 9.856326148534827469e-01 9.267938853465874649e-01
9.648126608253797531e-01 9.124479727245893290e-01 8.881127021209662686e-01
9.856144562348657656e-01 9.578167815076665814e-01 9.140716133735962146e-01
1.013313920172174587e+00 9.489223082937389142e-01 9.219091536371646356e-01
7.755930237859979259e-01 9.689195425635939163e-01 9.233648976902587568e-01
9.599168292823789805e-01 9.531677847560311445e-01 1.158465764445137269e+00
9.947875302091179206e-01 9.464670661853872291e-01 1.091391120892826194e+00
1.021821267481012985e+00 1.039248613755342276e+00 9.692738589752866174e-01
9.614701206946488776e-01 1.053692506930423711e+00 8.542273346313157267e-01
9.227496350110504508e-01 1.082702065993979224e+00 9.940890666763287919e-01
1.186823210365151704e+00 9.602538838424378165e-01 9.995052198805306487e-01
8.863092241878527400e-01 1.135444762737187308e+00 9.243180532392584192e-01
1.011914857666998069e+00 9.786612718453242543e-01 1.027647741873705112e+00
1.016441053608578171e+00 9.323204437646918086e-01 9.522225150661350890e-01
1.174169147507030608e+00 9.194542081390675303e-01 9.275171957992160987e-01
1.053518951874331311e+00 1.095451226636976916e+00 1.137258234217528807e+00
1.062479002453354804e+00 8.726925892080319436e-01 1.106840053234125376e+00
1.053504840602428105e+00 1.156690023744863405e+00 8.207948891009038128e-01
1.031034699928588427e+00 8.916436892878636389e-01 1.012417759982233934e+00
9.031945337060055534e-01 1.072553122739607456e+00 1.100002429227066925e+00
1.024466804003659970e+00 1.095608853884697531e+00 9.662890493202113129e-01
1.017419135512110717e+00 9.394479860055022780e-01 8.634228923035733860e-01
1.127108558532081029e+00 1.055425645954690683e+00 1.045541054187873797e+00
1.093788375644036082e+00 1.046085605274105435e+00 1.055389985566979272e+00
1.110910268480582497e+00 9.241396403209649613e-01 1.038697653895937378e+00
1.164896290528561140e+00 9.943017169457823989e-01 1.002932124718592055e+00
1.003274129812192994e+00 9.495796121095916309e-01 8.042313308725527188e-01
1.013116318436143359e+00 1.145461233245159693e+00 9.246018225727666850e-01
1.022843479296449809e+00 9.751260065658048370e-01 9.064310753812436783e-01
8.483228942436535913e-01 9.052925970421696888e-01 9.576242535547827561e-01
9.168070017951560624e-01 1.038030671395299143e+00 9.893582934886049340e-01
1.003465190009688479e+00 1.031939153583261826e+00 9.429156232654035685e-01
1.078639057746890506e+00 1.039644619745572651e+00 8.150958744830282265e-01
1.046396954251427314e+00 1.009500817896878067e+00 1.085614943384525244e+00
8.504350094853977415e-01 9.985683029459896387e-01 1.036568719871071353e+00
1.094126188119038723e+00 9.341575359988103511e-01 1.007183843314037652e+00
1.044228503146067411e+00 8.994287840833882219e-01 8.618725900980259702e-01
9.374978106722289262e-01 9.661290081882306646e-01 1.012143438653224425e+00
9.812778477806234356e-01 9.464985002661059355e-01 8.827598955960807015e-01
9.947551184149006076e-01 1.016394918469591513e+00 9.015099211977329885e-01
8.996246415417469278e-01 9.331534911603437399e-01 8.709389044630099219e-01
9.969166518958600953e-01 1.056203611685968768e+00 1.038514332642724414e+00
1.039626799028438020e+00 1.028329121498372745e+00 7.629354065022675435e-01
1.003603000072380569e+00 9.145634581874715341e-01 8.913394794594752257e-01
9.396882262534614894e-01 9.957865312568436877e-01 1.057728590393552714e+00
1.022315131524761389e+00 9.592257011608715800e-01 1.046457677533014552e+00
1.082141824430618904e+00 9.544481840104592774e-01 1.085453237439716556e+00
9.621970689967367374e-01 1.027740261567177127e+00 1.060899649580297588e+00
1.012645399807289071e+00 1.043505364444212491e+00 9.898623106490850310e-01
1.019526320457978974e+00 9.230732679227722226e-01 1.011246502937001912e+00
9.568217403026929579e-01 1.167248792315460415e+00 1.067373046911794798e+00
1.020642944280983011e+00 1.053513505728147948e+00 9.324596021024229575e-01
9.465163765997601786e-01 1.023864169892198861e+00 9.353690439965436365e-01
8.429893914452307735e-01 9.989197652811153683e-01 8.910124218071177049e-01
1.076851098944856977e+00 9.720895595696954494e-01 1.050930641400603882e+00
9.601607796254016947e-01 9.173718938498806041e-01 1.046716663783328727e+00
9.491319010074023010e-01 1.031076328227450212e+00 9.339960333477497212e-01
9.356568035321783938e-01 1.038382441989190941e+00 9.449967250254075468e-01
1.047697007230445454e+00 1.019793069296982768e+00 1.019164337442364010e+00
9.114415984807743287e-01 1.036673425512931068e+00 1.037209421010520050e+00
9.880566321851479428e-01 9.784814328413272699e-01 1.016964593814427165e+00
9.958365874549239827e-01 1.097419248426772853e+00 8.292157605189398595e-01
9.470225868750378195e-01 1.116959919839643378e+00 1.022983246755909681e+00
1.132531493355607877e+00 1.106817423688634561e+00 1.175829639356015255e+00
1.074684663835557386e+00 9.806630485826686172e-01 1.060394764981962501e+00
1.028919709921480408e+00 8.621962166922019222e-01 8.480305848849518657e-01
9.622374052134677891e-01 1.068289032962443708e+00 1.070926272345710473e+00
9.069183195489166627e-01 9.350776514064853551e-01 9.981098108036716710e-01
9.824917960612501444e-01 8.739927033748500218e-01 9.924244314710718440e-01
9.726353489736085933e-01 1.111449037981066645e+00 1.164990793350461740e+00
9.959852132672781799e-01 7.773916576344891416e-01 9.628405456113676708e-01
9.948352818083783244e-01 1.054496366876864544e+00 1.008108507752701888e+00
9.041614754690896483e-01 9.360827044571266020e-01 8.415653241552065733e-01
1.085996918929780675e+00 9.560282478589474664e-01 1.022581887604034234e+00
1.024594407975037313e+00 9.014508179145565014e-01 1.035074939196525934e+00
9.133955688081502045e-01 9.983150289355057216e-01 9.640589220921710334e-01
1.106698220210158068e+00 9.190752312399086410e-01 9.660838588355491474e-01
9.252805694864555397e-01 1.042907052896461684e+00 1.065441869054416735e+00
9.824030900156727197e-01 1.020901891032802267e+00 9.437039141268264153e-01
9.804093645008434832e-01 8.937332232648327324e-01 1.056297524897565232e+00
9.566907833100982694e-01 1.055550739298659835e+00 8.740125337569049080e-01
9.414624794642380001e-01 9.820649274393931094e-01 9.775128658938653237e-01
8.663307807670495020e-01 9.905997744922987458e-01 9.650919103251760500e-01
1.049699748291565093e+00 1.041517288743533776e+00 1.001841182838046240e+00
1.023749965516262961e+00 9.855465202190486496e-01 1.055492697656679413e+00
1.082320442998849774e+00 8.270822276564314679e-01 1.021495914760230050e+00
8.394899067063521514e-01 9.997245787676938278e-01 1.067163393255733617e+00
1.011794552188777008e+00 8.940791422295130131e-01 1.051435687456408141e+00
1.160510761159038839e+00 1.145384683394361502e+00 9.679585392082431516e-01
9.404158325157576659e-01 1.038742274358174011e+00 9.737544277590702846e-01
9.110367261470432299e-01 1.006977956521147188e+00 9.706244280767727384e-01
1.030444975522049056e+00 1.022731752089618196e+00 9.426054063995716881e-01
1.134274695138745903e+00 1.041521626240799803e+00 9.058744449947842003e-01
9.041522504840333596e-01 9.074187038756812429e-01 8.333358277955029703e-01
1.022574327635699998e+00 1.004843309939786877e+00 1.126328615427405921e+00
1.044409937026908208e+00 9.985879505271146872e-01 9.357925666806711229e-01
1.074196670046646096e+00 8.697771818630573026e-01 9.878139200056528235e-01
9.624102206723222919e-01 1.054375263931971451e+00 1.011268540902094060e+00
1.001223944017511691e+00 7.248979341078891636e-01 1.025241938504376948e+00
1.238554466606960780e+00 9.089031063311885372e-01 1.022049482840739154e+00
1.032036889810179714e+00 1.115519060892739001e+00 9.967819428854324260e-01
9.858789655186538381e-01 9.709525457946761584e-01 9.885536653711914923e-01
7.963364429391482924e-01 1.101646404758681363e+00 1.050586094832440587e+00
1.057800282330349839e+00 1.046795565132711658e+00 1.026031347329056542e+00
1.062478734789242374e+00 9.529232562008133067e-01 7.687635308383482524e-01
1.123044223522982055e+00 8.779807492689831738e-01 1.121525036387090557e+00
1.047258240402627605e+00 9.986423102085605352e-01 8.672841259720219798e-01
1.105993877201448150e+00 1.015629418117659943e+00 9.615902845974204638e-01
1.195053772275802118e+00 1.083770035857677838e+00 9.840206040654141395e-01
9.728484638344395696e-01 1.031824857968699272e+00 9.720437695005228473e-01
1.013419287743446029e+00 9.327179486849933587e-01 1.026295860379965896e+00
1.070846944532762413e+00 1.075331711122294420e+00 9.859524872035817511e-01
9.000469970886558757e-01 1.049007265378832710e+00 1.110507658999637215e+00
1.071284012713605183e+00 9.454856181574148311e-01 1.023319691838605605e+00
1.253282765761032369e+00 9.383187218166486598e-01 8.367480478842601599e-01
9.130659188601565335e-01 9.678275513348705283e-01 1.041557979408352264e+00
9.814212745957114903e-01 1.019516976507250039e+00 9.996884218219768137e-01
9.761146289509677887e-01 9.633336500492382104e-01 1.087736331828575320e+00
1.094756113906210082e+00 1.003266349514813083e+00 9.555665613736876729e-01
1.087799996848685335e+00 8.739588147152763664e-01 1.014780406985451133e+00
1.008149238678381465e+00 1.056143170083879035e+00 1.067746589227835274e+00
9.848645626239347362e-01 9.989847244425495987e-01 1.021925275556216040e+00
1.033952678932991143e+00 9.966185270977909738e-01 9.767324009288272935e-01
8.400731680921984523e-01 9.548985444741479034e-01 8.561204959697847894e-01
9.329169627662512454e-01 9.757610273006108725e-01 1.084063357515741899e+00
9.874728077316520247e-01 9.885661263134128962e-01 8.705358247743717470e-01
1.099463151348450296e+00 9.323609135289725458e-01 9.069789297267965011e-01
1.002198685525342858e+00 9.036863803547932061e-01 1.107235567372117702e+00
9.912181459232997094e-01 1.154964418519202729e+00 9.837812076406228234e-01
1.008746258529870321e+00 9.968094925587241972e-01 9.054354826905016695e-01
8.688986815904863326e-01 9.121773299351463304e-01 1.053347356560006443e+00
9.258728943122516153e-01 1.036370036303400743e+00 1.077181722497824401e+00
8.761058887345133384e-01 1.064857208162695246e+00 9.984960448498853003e-01
9.331406790992605726e-01 1.021821261186761420e+00 1.015006592477555980e+00
1.132224599988741254e+00 1.136572201860693188e+00 9.838905634843370107e-01
9.375682524482935598e-01 9.079186586049600161e-01 9.623381240203049414e-01
8.748396591822279467e-01 9.023167340362421296e-01 9.397336494652358541e-01
1.024391956687518812e+00 1.115936728159615754e+00 9.453971747618463706e-01
1.013391378156132339e+00 1.046619721095846112e+00 1.136772821083845031e+00
9.933627202814236945e-01 1.140316940558176340e+00 1.149696771730748912e+00
1.048033205728861050e+00 1.112424600611092718e+00 1.023106518622623584e+00
9.597480477706850088e-01 9.797152418348108460e-01 9.901646185700332392e-01
9.238550208765016203e-01 1.015670710272798871e+00 1.137293574253096295e+00
9.947110674818013809e-01 9.697092257922198533e-01 1.064442618985692590e+00
1.002251492534661503e+00 1.066252457597283376e+00 8.894408998436522662e-01
1.010895086696799172e+00 1.090448789646534689e+00 9.883062184754543011e-01
1.035825570355074943e+00 1.108155106214173236e+00 8.989593311130249509e-01
1.026876819288506715e+00 1.051925958383130189e+00 9.753241377565295966e-01
1.004152741947662797e+00 9.619335596443627789e-01 9.486628305540664163e-01
1.055561941326906839e+00 1.078402780720262299e+00 1.084152744250968636e+00
9.242660827899162879e-01 1.036402719089295488e+00 8.161484376248171468e-01
8.912858498318234624e-01 1.000228719622935358e+00 1.009304225030420499e+00
9.522122186480853623e-01 8.747851619289124248e-01 1.016513015619607385e+00
8.078533506473817294e-01 1.047836873916385469e+00 9.152810070274494114e-01
8.880860436338123831e-01 1.001725035703574740e+00 9.365768761276458410e-01
1.068418132957810185e+00 1.042865746032561214e+00 9.222083488473559187e-01
9.334243392731673694e-01 9.365999881702635754e-01 1.029537175101247204e+00
9.791810407974126385e-01 1.062031275426481791e+00 1.102699293860824437e+00
9.369998188072848899e-01 1.063157215597164917e+00 1.121566102604586446e+00
1.022816167855265190e+00 9.893034326428925551e-01 1.032890372002697843e+00
1.019929927839673622e+00 1.025155756454872114e+00 1.011602684040824318e+00
9.242456594512482582e-01 9.006462089979969665e-01 9.935119367451236139e-01
9.440520270963429494e-01 9.888725255442625262e-01 9.694775202415982784e-01
1.063600007246035206e+00 1.253099264622347553e+00 1.177767363005274071e+00
9.683623245833089532e-01 8.912394370894797246e-01 9.093984189652225547e-01
1.139995262645436602e+00 9.792679397130475971e-01 1.021342378520040617e+00
1.066427975804236317e+00 9.787917316825652803e-01 1.103201893436460468e+00
9.067327620881213690e-01 1.046390942287852788e+00 9.546191713050176109e-01
9.588338603524646508e-01 9.657786943032797833e-01 1.150221525327495220e+00
9.236535922522896014e-01 9.456454120154170750e-01 9.766033924255855814e-01
1.099479900009322719e+00 8.827019461795713173e-01 1.012477900579481060e+00
9.701464442898883878e-01 9.620090711119082538e-01 1.019034098304987701e+00
9.125135516175271189e-01 1.057034785613992112e+00 9.519260878491886402e-01
1.040057535770330333e+00 1.064308008052303522e+00 9.436841132033075841e-01
1.033703648274018727e+00 9.599566479343596415e-01 9.465834721134191998e-01
9.918538865764132684e-01 1.032251911120241505e+00 1.049121279385634153e+00
1.114785559289852568e+00 1.040013107865267683e+00 9.889094772879810646e-01
1.071237732975865553e+00 9.898529024288790223e-01 9.789149680787687657e-01
9.388337372659479874e-01 8.360490914012751462e-01 9.190418582292128047e-01
9.415178935673003124e-01 1.072071431951090004e+00 1.128225896612288226e+00
1.017597990608092084e+00 9.737755552645974699e-01 1.007529818902749952e+00
1.090086077611206683e+00 9.380184219975581383e-01 1.023046563790480645e+00
9.423132975851671311e-01 1.065433362143375140e+00 1.057119470347789081e+00
9.263846035015080860e-01 8.906792924978040871e-01 1.073612145292146769e+00
8.379368167506739962e-01 9.451344515282270597e-01 9.522088716675871645e-01
9.992866576042089832e-01 8.506794198077116675e-01 1.028725007729223373e+00
9.265087504386746442e-01 1.076179247218164825e+00 9.453204631033196303e-01
8.667900362153714289e-01 9.867855987414656527e-01 9.907053927800804072e-01
9.956180216994137133e-01 1.027504500445977520e+00 1.207583098223699691e+00
9.843534180575996828e-01 9.391799024127195361e-01 1.164174912646134707e+00
1.007770655730848564e+00 9.317799057971337673e-01 1.098460431799459736e+00
8.748193627668926498e-01 1.080274761095165292e+00 9.809734996370342852e-01
1.004447739198247813e+00 1.089717290486386991e+00 9.928682531080776918e-01
9.667151774776168160e-01 9.638771626916675661e-01 1.071561288152693914e+00
8.873588444463542668e-01 9.876712411786005008e-01 1.025977928016944984e+00
9.678618229809623497e-01 1.064332805102198520e+00 1.094182891768201937e+00
9.316071222642763328e-01 9.950896895686134336e-01 9.210359762796689331e-01
9.761558712740617816e-01 8.593085108242177750e-01 9.589480977022721842e-01
9.692222772039749135e-01 9.936625007328974135e-01 1.003286348872234779e+00
1.031184900670628402e+00 1.132626133685996184e+00 1.024020981961720533e+00
9.585087161662795285e-01 1.140023983288410259e+00 9.860560468747278096e-01
9.604072219074418770e-01 9.618869138508269190e-01 9.177457131877082563e-01
1.117255412186050290e+00 9.845471210576558496e-01 1.008661111658723186e+00
1.007398033406473381e+00 9.148025919648972160e-01 1.021472292039125707e+00
9.322942311152715433e-01 1.226324127882263859e+00 1.052741782125591552e+00
9.825214135430874185e-01 9.867456554643079247e-01 9.332057051832569616e-01
1.066348696960440101e+00 1.008925312160724230e+00 9.346492348265711403e-01
9.563265008612802376e-01 8.644138724168988208e-01 1.104586575455174469e+00
1.084183180003891911e+00 1.145017596665477422e+00 8.815283667323688954e-01
1.044623106858885375e+00 9.573307534243153949e-01 9.972524546678999124e-01
1.072587174891029171e+00 9.625504115618108703e-01 1.119258109331004336e+00
7.614008694777488762e-01 9.900662250259801844e-01 9.625997270800262795e-01
1.129903594070964079e+00 1.079365666223258247e+00 9.480348002309713085e-01
9.753876477827252423e-01 1.043917552611368871e+00 9.197813334610126512e-01
9.017271555028755214e-01 1.115600920349225644e+00 9.726916652732547908e-01
9.499253287197912954e-01 9.923745682047543371e-01 1.043523062201776819e+00
1.154201899739457637e+00 8.366210856217211056e-01 9.998118782806152405e-01
8.533726436427159223e-01 9.625939887757963831e-01 9.224394571616610916e-01
1.020695869598006844e+00 9.940254663026774073e-01 9.882326953841009676e-01
9.994942447094851135e-01 9.247843635472294821e-01 1.056321597620302422e+00
1.175414005048135868e+00 9.571018986881790758e-01 1.030422488349121979e+00
1.163682592458926468e+00 1.013713137391498709e+00 1.012664412858583551e+00
9.765225369525225574e-01 9.660766772054995011e-01 9.487962160773253384e-01
9.902792820573094179e-01 9.915956797027933867e-01 8.127680323825465791e-01
9.693314899021432396e-01 1.070428772757695768e+00 9.995270642924170001e-01
1.050005415518774132e+00 9.760358487903153524e-01 9.490078852971375323e-01
9.660021839622278117e-01 9.788027927821913998e-01 1.084747748334488060e+00
9.687042940356329623e-01 1.194678395484302547e+00 1.162911254835609753e+00
8.801613192254951201e-01 9.016622389521126157e-01 9.712378739736357014e-01
8.603443123142332505e-01 1.089820323520161782e+00 9.162753863040713487e-01
1.058074264340929105e+00 9.833744846622312075e-01 1.012645019482204756e+00
1.018590085224457376e+00 8.402764238105695505e-01 8.650330186182878522e-01
1.043943967101498949e+00 8.829674523264454677e-01 9.871772527787978646e-01
1.002830683903059850e+00 8.318895937185220024e-01 9.744896590638127964e-01
9.011567207568931259e-01 1.124084616887162102e+00 1.099247106558482567e+00
8.727000347232943822e-01 9.489505244867134648e-01 8.965174774166242422e-01
8.697519944045800644e-01 1.025392644649572027e+00 9.408653669129026786e-01
9.608804008383764472e-01 9.349801223111436910e-01 8.785182040366642520e-01
9.658668895678029775e-01 1.074678243447830583e+00 9.905609551231200349e-01
8.552219764362117838e-01 1.017673804767627699e+00 1.118118497742607520e+00
1.115467365480908413e+00 1.065874197044515581e+00 9.112558826699214132e-01
1.070042213742293136e+00 9.782021933167337480e-01 9.505559723153832463e-01
1.070043697263017624e+00 9.956704730682783833e-01 9.820091853848225139e-01
1.154394109312904870e+00 9.940434741907164806e-01 9.022531876877150081e-01
9.469637512748008135e-01 1.048408216988505837e+00 1.006451512174703966e+00
1.074353710840535214e+00 1.011649345270967615e+00 1.063974429144886269e+00
1.112952872284392214e+00 1.090704473563907317e+00 1.068552827739009059e+00
1.089860665367716308e+00 1.126246959019615135e+00 9.564580973539299480e-01
9.833189154900273676e-01 8.712587746423338109e-01 1.133619108194338310e+00
1.232071104730437128e+00 9.845745103771972317e-01 1.063155468964718464e+00
1.032945963948078250e+00 9.397601185272247415e-01 9.260627752182445382e-01
1.013975690517602057e+00 9.322462450030231107e-01 9.845257195469190314e-01
9.607785797862173904e-01 1.018109310375680199e+00 1.042762747859530492e+00
9.720343006001681552e-01 9.129329850555260029e-01 9.755406100391460500e-01
9.968377839550022212e-01 9.534597874790177174e-01 1.069517167187030271e+00
9.691112340878130782e-01 9.315511786888642787e-01 8.915968589556025892e-01
1.042383439731561223e+00 1.016388635543199026e+00 8.769226993173372398e-01
9.582951144750322392e-01 9.887835387913296303e-01 1.108923705657526959e+00
9.826099526850360366e-01 1.067461416963659815e+00 1.004421079947745543e+00
1.116665528686791919e+00 8.735402561679584954e-01 8.614970965713560913e-01
1.162023672556654397e+00 1.036193573391469336e+00 9.683283804964655239e-01
9.728471957185376162e-01 9.453020204880550059e-01 9.432107465766937926e-01
1.035844687310545131e+00 8.878219526006781992e-01 1.139511802316614419e+00
1.048389213212995053e+00 9.219091915609665122e-01 1.083332916137763613e+00
9.982337593141298315e-01 1.125331967850676351e+00 9.850835132668076533e-01
1.017911750024242057e+00 1.066667102486802854e+00 1.041271055477307694e+00
1.045258884947406042e+00 1.054856821750204343e+00 1.005437173192741396e+00
1.003199244696090897e+00 9.271906271204711780e-01 9.466174013514681018e-01
9.126294935823304755e-01 9.222724116516503035e-01 1.161922185627843218e+00
9.811462620762537723e-01 9.320600256181211796e-01 9.620858798962373948e-01
9.669739163370058010e-01 9.084586202122163501e-01 9.992781556332444026e-01
9.592994779647769921e-01 1.071661918790909329e+00 1.127733572387205285e+00
8.822298217688603339e-01 9.589171090719996737e-01 9.784793575703827351e-01
8.959553724778002159e-01 9.354585960537983302e-01 8.927847263537267430e-01
9.122918882549455599e-01 9.176868068110800580e-01 9.952117844248189460e-01
9.662281424226717430e-01 9.430572793650261465e-01 1.033533565641331142e+00
9.678323482343291762e-01 1.052072823230018939e+00 1.030825434985521927e+00
9.776481010211174327e-01 1.023162717410984968e+00 9.202918982516967716e-01
9.835015285696390164e-01 9.452018979176656233e-01 8.635774192548535400e-01
1.034987855408696866e+00 9.848407862378371069e-01 1.053795211642953644e+00
1.172589292180266973e+00 9.351424820937619398e-01 8.525820683642505449e-01
9.913202600255516250e-01 9.449026647430276427e-01 1.103612138035176216e+00
1.032985475068213477e+00 1.089581764439397027e+00 1.036507526786191180e+00
9.298755142339203417e-01 9.153632383558445440e-01 9.411025191235645737e-01
1.076547385720143524e+00 9.779776928167893679e-01 1.140813281745704399e+00
9.558396023008913778e-01 1.025561291795364038e+00 1.059653050964315391e+00
9.497374620980248983e-01 1.034374408572157122e+00 9.282524744222450108e-01
9.948669984924966014e-01 9.067002395191929853e-01 9.230468228554301602e-01
1.096880992277783795e+00 9.155257909716759679e-01 8.996550259474482836e-01
1.046228480343416534e+00 9.376927541416700818e-01 9.215784251926271153e-01
1.026306164775759422e+00 9.560499893130047777e-01 1.125684397983600871e+00
9.930255513225078046e-01 1.097775460084364774e+00 9.726909293182629535e-01
9.399835213053040484e-01 1.064671849957848915e+00 1.060944472980460462e+00
9.449286074748088904e-01 9.846582450396006436e-01 8.397415125611426001e-01
1.021546826258148855e+00 1.026286750157888283e+00 9.826686417284765662e-01
1.107099510449003121e+00 9.758061510776875336e-01 9.199325273683245374e-01
1.020088248127219321e+00 9.396888946675439058e-01 9.545525588537230322e-01
1.003872394496648557e+00 9.799170312507932135e-01 1.098825006822721662e+00
1.085546537386500976e+00 9.138666053970675440e-01 8.831414704760975898e-01
9.068757172633737929e-01 1.103095251500128882e+00 9.964479593877157981e-01
9.932283965014193639e-01 9.605545966831519067e-01 1.103634846729348640e+00
1.015002768862998561e+00 1.054257832845917786e+00 9.100847820868003257e-01
9.633929594657543172e-01 9.728675005014004729e-01 9.376339209753167259e-01
1.178052622165780772e+00 9.934289148379529255e-01 9.766781887960722663e-01
9.614041247561113668e-01 1.073880248426131612e+00 9.761700465198260845e-01
1.041087625981613529e+00 1.092220304233328498e+00 9.728876639513587277e-01
8.928295165801722888e-01 1.073857907470696427e+00 1.061731147023242672e+00
1.135335085103820640e+00 9.854451756702219400e-01 9.764204668912893625e-01
8.480856810382650934e-01 8.571298766457340346e-01 8.822267222716080326e-01
1.002914844242477566e+00 1.017890961880619116e+00 1.059286390349098994e+00
1.088663309497464038e+00 1.078462576374051629e+00 9.995681827287500321e-01
9.718247317858468293e-01 1.157106808365472528e+00 9.947852007325913570e-01
1.011462764100721445e+00 9.398044510071946744e-01 1.128260545888309041e+00
1.081799229747929303e+00 9.309180952861417779e-01 9.260852422878005363e-01
1.091954428536584087e+00 9.848558760819741131e-01 9.417989703366473897e-01
1.098613111032468836e+00 9.332343711908929196e-01 1.040617975657121219e+00
1.134591258576902684e+00 1.003420474701650411e+00 9.353521131464304084e-01
1.056361682314134853e+00 1.079186985549989153e+00 1.109341923973002242e+00
9.287634599511322975e-01 9.235031573680336781e-01 1.193472769673869394e+00
1.111596274309624821e+00 9.483656014547517943e-01 1.093062088537523291e+00
9.840895410088029704e-01 1.017023436720377427e+00 9.655426502554395052e-01
9.141139331819407854e-01 1.084693402263433359e+00 9.822628255622957161e-01
1.056418385853165276e+00 9.781865871576438387e-01 8.372293640463229769e-01
1.051438272249288541e+00 9.560257044184631292e-01 9.684708480619662607e-01
9.371608811923990423e-01 1.041308977881303610e+00 1.030636971525155987e+00
1.098017895522106713e+00 1.003752053604905381e+00 8.981418225488391194e-01
1.068751907656269706e+00 1.016880870854388164e+00 1.161961488349131155e+00
1.020786375615440722e+00 1.008315686556966684e+00 1.021017554317854126e+00
1.061165391486154075e+00 9.838971777642196992e-01 1.023009172194669025e+00
9.878913989581755706e-01 9.855784595320438157e-01 1.040103839072980429e+00
1.165041086614279298e+00 1.014027937076172003e+00 1.014039892048774982e+00
8.835159303989927881e-01 9.644472010344080637e-01 9.262769258047583998e-01
1.088323196485017519e+00 9.846008550801417236e-01 9.240659499082789496e-01
1.105945400206804985e+00 9.700079476313034910e-01 1.080939333046947004e+00
1.051830955646595456e+00 1.155485829740930281e+00 9.671055336423514115e-01
9.932200978670490121e-01 9.679324595393996589e-01 1.088281281105411002e+00
1.135120557599286872e+00 9.508709843011156071e-01 1.070029659622321327e+00
9.729012266818654053e-01 8.914395769447678308e-01 1.087164475087627702e+00
9.271181774229410033e-01 9.160382950205994135e-01 1.002248602925757570e+00
8.131992703980945869e-01 1.033540329127370594e+00 1.106623224111483950e+00
9.464271830597434931e-01 8.766109520799336696e-01 8.606067903874349279e-01
8.607845089284209550e-01 9.735606556468180406e-01 9.502732524441198647e-01
1.027166045614525736e+00 9.115159849394834923e-01 9.856246126092936821e-01
9.674366940322148833e-01 8.820815872922869172e-01 8.994377358703969927e-01
9.281312103500393151e-01 1.119427391214462331e+00 1.040234244475256808e+00
1.039663361087944438e+00 9.979813688098495561e-01 1.140755598481921540e+00
8.936206443163031699e-01 9.873295966250662525e-01 9.873772705100996028e-01
8.982990280821849804e-01 1.040099341650019493e+00 1.040289760289295096e+00
1.153135325913690501e+00 1.038273865942384688e+00 1.026127064798260768e+00
1.161193538151338522e+00 9.493822280432127059e-01 1.092790153891523008e+00
9.749444335403936179e-01 9.781494177310415816e-01 9.097164817434223449e-01
9.398893326991104580e-01 9.987306127327123528e-01 9.801284636083164026e-01
1.054715938010589493e+00 1.032162119094449659e+00 9.640535648157405602e-01
1.038796268886848395e+00 1.021922118255775391e+00 1.034579073894728252e+00
1.073164519187528310e+00 1.067192471221756866e+00 1.009561419823963080e+00
1.045760981086892194e+00 9.860086372437659730e-01 8.982846943351669999e-01
1.081345727665490974e+00 1.213485018105466828e+00 1.057706256974846548e+00
1.064466992776066601e+00 1.049775032898243587e+00 9.447704643381391598e-01
9.572584163990794925e-01 9.161005817789878991e-01 1.080923598772511873e+00
9.700931301279892560e-01 1.084929168179409542e+00 1.051578213768306069e+00
1.086973970041440696e+00 9.629444147875646509e-01 9.916704657005568357e-01
9.648667052014453516e-01 1.065039110801354605e+00 8.551422859092177031e-01
1.000151386759148053e+00 1.059813306427241031e+00 9.942870157495676819e-01
1.085882314806093429e+00 1.008524308621207233e+00 1.037361112952938758e+00
9.654193330909147663e-01 9.704070289270158023e-01 9.943953194510931626e-01
9.283453313975141841e-01 9.760852643604135404e-01 1.062395122277268511e+00
1.072892467303437680e+00 9.062355980691708668e-01 9.022818738095840230e-01
1.253187676692106844e+00 1.118472830816038543e+00 1.026786473523309429e+00
1.082089047412647886e+00 1.049725431686511001e+00 9.532986558783946851e-01
9.452988387224994238e-01 9.924969231567865036e-01 1.049811506453828702e+00
1.029042188622716569e+00 7.583604700077291039e-01 1.023338972053609242e+00
1.029095829149765384e+00 1.052402593974404610e+00 1.075376669012839459e+00
8.890206683875521154e-01 1.081721431523325005e+00 1.034613560351646200e+00
9.398819942753530166e-01 1.139783775730293325e+00 9.478565484672664132e-01
1.209029592886703419e+00 1.012332872829258434e+00 1.068886053616071363e+00
9.917877602093220224e-01 8.756167901977643941e-01 1.057141429817547440e+00
1.106944869527856090e+00 1.071501019212247829e+00 1.038069464663944785e+00
1.007922453812286623e+00 1.105504062955745548e+00 1.055250353779249251e+00
1.149050540244725305e+00 1.061046527567155229e+00 9.576157404515953653e-01
1.059405434964217241e+00 9.864312220909725593e-01 1.034129496745298304e+00
1.046941711022453703e+00 1.013303689778305650e+00 9.718670057895597569e-01
9.698095182652322066e-01 9.272692727598982332e-01 8.931431303885402073e-01
1.075569047544366885e+00 9.751000496460957567e-01 1.023944965998420775e+00
1.007915622484993667e+00 8.976749211475016921e-01 8.672364418114972828e-01
1.038005771139232758e+00 1.040173202725474866e+00 9.659853857316551551e-01
9.517274672846477435e-01 9.492832786463423211e-01 1.096630781724874604e+00
1.014526604079604377e+00 9.590583698767787268e-01 9.980483914960022185e-01
8.983079638050800453e-01 1.119160722098684113e+00 1.004713517789618482e+00
1.051341886093219991e+00 9.269957868562223036e-01 1.069282544873497498e+00
1.032422920696998370e+00 9.673578389320065529e-01 1.154349182598644497e+00
9.107102319179318783e-01 9.657062825974287446e-01 9.916606525375658565e-01
1.065870532340124965e+00 1.124606457119742053e+00 1.103477763116165855e+00
9.105937013765403876e-01 1.129749121040753979e+00 9.148490547226213465e-01
1.016932935240384861e+00 1.034282785466041465e+00 1.107938091224559329e+00
1.102289849025953838e+00 1.014760088892665113e+00 1.036906903842828243e+00
1.097100038204694039e+00 1.006055575007077429e+00 1.231804901400488150e+00
9.791692798888220750e-01 9.249882229300966374e-01 1.100979592807948881e+00
9.833741878150960014e-01 8.431770958855973053e-01 9.837206076854296821e-01
8.718721454397023729e-01 8.653718874995947052e-01 9.840540197913169029e-01
1.073572891588260969e+00 9.116017262263466092e-01 1.143584813271082412e+00
8.832651180897365117e-01 1.009355097926246669e+00 9.366793166497340284e-01
1.110984526834317032e+00 9.703835594627380212e-01 1.004648466018570385e+00
9.052458143628717702e-01 1.100207093571138772e+00 9.260271179502993499e-01
8.170817827235334896e-01 9.636760459715986160e-01 9.010721210994820929e-01
1.021410330011176981e+00 9.882329687716392419e-01 1.041592932966977081e+00
1.023139507864150755e+00 1.126475614998798669e+00 8.849178883645660854e-01
1.052173444923036882e+00 7.790986189219661906e-01 1.029787844044422140e+00
9.295517805615414186e-01 8.827646150301907690e-01 1.105498119968616022e+00
1.133194450321318270e+00 1.032189772415258666e+00 9.914352103390717819e-01
1.039727853166476201e+00 1.104103194781396846e+00 1.037589146246475913e+00
1.082830004848499783e+00 9.313205802418615953e-01 1.019150477939688715e+00
1.102962871892229080e+00 9.130763577691919375e-01 9.022996927820724489e-01
8.808707452242352520e-01 1.048899908705456685e+00 1.099642239513210162e+00
1.071607073922481446e+00 9.622680761849011777e-01 9.603835465067056543e-01
9.807108183385736533e-01 8.547726604952496920e-01 1.012828940590992488e+00
1.074844746399700846e+00 8.949763554053516978e-01 8.964676128315012260e-01
1.070888021604238904e+00 9.800951928264618473e-01 1.005621072212322442e+00
8.625104556689409119e-01 9.214344790493566029e-01 9.025524020437669659e-01
9.283093164221550841e-01 9.368319965671373373e-01 7.966706954727783563e-01
1.124017826989858859e+00 9.585517108888476079e-01 8.593892499962392240e-01
9.179167219673564082e-01 1.091236322684788096e+00 9.811191696223120484e-01
9.014752562434712457e-01 9.496326397343983761e-01 8.856041721572474046e-01
8.880287737301656437e-01 9.906189740773176933e-01 9.366738276357912119e-01
9.826868901418646107e-01 1.000337213202930453e+00 9.035531329920234445e-01
8.497920319968672587e-01 9.540134131499714565e-01 1.043672668206462095e+00
1.122107192717080260e+00 1.027571304306578170e+00 9.302436284991334459e-01
9.681959920090221772e-01 8.822495958840210761e-01 1.067538639673571543e+00
1.026882870445140039e+00 1.021489229391827402e+00 9.912722785136860448e-01
1.037287468585856187e+00 9.483647920872946280e-01 1.146758463514220061e+00
1.038535006944345085e+00 9.841510605062707695e-01 9.878447695929419847e-01
8.055577805609277497e-01 9.243748741913779821e-01 9.508996721932789775e-01
1.021940051901088609e+00 1.088233570628321711e+00 1.096635155582159848e+00
1.064340085991210438e+00 1.007220054125814501e+00 9.007333879318080161e-01
9.974922534002276242e-01 9.534564497968281982e-01 9.412684759576874782e-01
1.123612299690838645e+00 1.050985888529834433e+00 1.130546698650063409e+00
9.648077556792458154e-01 9.938453020112307801e-01 9.128792559978475829e-01
1.021722285843888356e+00 1.007095263348428471e+00 9.639684366350655953e-01
9.559819503975683919e-01 9.636097996036115942e-01 8.640928133415427537e-01
1.097271002647791871e+00 9.605076075646137301e-01 1.130015778756775280e+00
8.942173056578698320e-01 1.048113883186249096e+00 9.857386753685976055e-01
1.057901879376125676e+00 1.103530625107852492e+00 9.740554024083429852e-01
1.061064421609400954e+00 8.376737995107135237e-01 1.028808153848358220e+00
9.957664455877700549e-01 1.062068917099559417e+00 1.064318363362435793e+00
1.184814668462820464e+00 9.379848147970463179e-01 1.101481000736511673e+00
1.120762405031465736e+00 1.150301408261836800e+00 9.557169627103683229e-01
1.006961219660554852e+00 1.090896464606677885e+00 1.012488147394767557e+00
1.050286816761522468e+00 1.066206926966575930e+00 1.139510377937807961e+00
1.033309344870438018e+00 9.745852239429747543e-01 9.315309783074233740e-01
9.380780873126530750e-01 9.730506325167818105e-01 1.029200928520727532e+00
8.931256179560923547e-01 1.031805782995463217e+00 1.065786621706750648e+00
1.040070744386222046e+00 7.055304703326572557e-01 8.022203274617867308e-01
1.123879334325328605e+00 9.862767814942622335e-01 8.563522546184502149e-01
9.225939560588549693e-01 9.827562247957741803e-01 1.042434748345330675e+00
8.953287239516423135e-01 1.050907000241176226e+00 1.017352818172319928e+00
9.996202779760986479e-01 1.122849562305379356e+00 8.727350650192061687e-01
1.152367209978323537e+00 9.119275291070100264e-01 9.569183581072693290e-01
1.128772700341960089e+00 1.081373771556513708e+00 1.104690277328232328e+00
1.049560148323096298e+00 1.046384879813747393e+00 9.689515792489835633e-01
1.094133920136100890e+00 1.004127338455973018e+00 9.900614315354002715e-01
9.811325255910049448e-01 1.039263863207124494e+00 1.026735088770469595e+00
1.028954909646701665e+00 9.818443727455230530e-01 9.471705754478542127e-01
9.408452101392635880e-01 1.079404645472901381e+00 9.442004932398383454e-01
9.589429052840586776e-01 1.035345379191444426e+00 1.157137425541914899e+00
8.903096936842522791e-01 1.075374400854053780e+00 9.633885165803829365e-01
9.848787633125319907e-01 1.004432445587273959e+00 9.252499697452817307e-01
1.128106479043558874e+00 9.139025025811255976e-01 9.780209261642264229e-01
9.848189060952422524e-01 1.038923591218765541e+00 1.048569064342381063e+00
1.039796841707285813e+00 1.141459949310097199e+00 1.039235679470147611e+00
9.895457414239134941e-01 9.232134557856316315e-01 1.193554776358216829e+00
9.078701751690940736e-01 8.146001498742823088e-01 1.027816727118131546e+00
1.039544112412921884e+00 1.014776938983503740e+00 1.013080646339406865e+00
9.779123445085847743e-01 9.100377874909847398e-01 1.134387661840624784e+00
1.144821543625890392e+00 1.007071678575950147e+00 1.008081145958142910e+00
9.704714963991734056e-01 1.045282587460251600e+00 9.837285003771604197e-01
9.542619201965051312e-01 1.099784178768932641e+00 1.094712854876815245e+00
9.669296978335689685e-01 1.039366019161356514e+00 9.424204277757873838e-01
9.902130278788588980e-01 1.019637882059242662e+00 9.263729608354469569e-01
1.087277991456369941e+00 9.749157043218324992e-01 1.074060990785450143e+00
1.144679306433924015e+00 1.033459921219933575e+00 9.718180082819419807e-01
9.858813599558722274e-01 1.053897575972297718e+00 8.782160958011702157e-01
1.005966128787141978e+00 9.757404111836253113e-01 1.074188205679798891e+00
1.000814761563724176e+00 9.626240689366951653e-01 9.470119016991351835e-01
1.007994744525104069e+00 1.068378101435685901e+00 9.877623487922140288e-01
9.305905786373976918e-01 1.006759442882347866e+00 9.508450694662492486e-01
1.168461657180610347e+00 9.730428303941379697e-01 9.574105870173399424e-01
9.644193598187165151e-01 9.914854722169812451e-01 9.382860916149915465e-01
1.106693178739702743e+00 8.666370627238457747e-01 1.061647131913293407e+00
9.508279312552407880e-01 1.130319994623388835e+00 9.573783700180794609e-01
1.017237148454683382e+00 9.564229597779938530e-01 1.009644146547499899e+00
9.922298485481112484e-01 9.751832741596425658e-01 9.678900839547158741e-01
9.185389330686097864e-01 9.537251345587731688e-01 1.054640585956581500e+00
9.296856859363088477e-01 1.187787999630970592e+00 1.019653876973288575e+00
9.513330769897968553e-01 9.840361172148128777e-01 1.068448173278879310e+00
9.681746225968650421e-01 1.003470218710817319e+00 1.048439439699163200e+00
9.385489149548285059e-01 1.016468286122659936e+00 9.349822407814050163e-01
1.090349491383263203e+00 9.344629690141267320e-01 8.586251096531773985e-01
9.867800876991359438e-01 9.801529437888225615e-01 1.077432543779402341e+00
1.004852702975166823e+00 1.036820247824701058e+00 9.638674306190025964e-01
1.090411519325997780e+00 8.997711771086993604e-01 1.033069772558273591e+00
8.979452426163414547e-01 1.007076686508660224e+00 1.068205498702998524e+00
8.734261595692853763e-01 1.046988267613917722e+00 9.108585269392801553e-01
9.807801080199887167e-01 9.979637437876077710e-01 9.246860347806908909e-01
1.114112037567907665e+00 9.811884052192891836e-01 9.784765985772677643e-01
9.625323183196593524e-01 1.095075402802914155e+00 9.820815038943500053e-01
9.637758591190709323e-01 9.771226353691541133e-01 1.023584718539253480e+00
1.024889997157653720e+00 9.536020665133061458e-01 8.486824694141479331e-01
1.070013818211204670e+00 1.048884069163078525e+00 9.299833429526122019e-01
1.042264513005824567e+00 1.098826888558087189e+00 1.102624806089535836e+00
1.016523055757980298e+00 9.144830693102690145e-01 1.118813815977768744e+00
1.010909067889954827e+00 1.056824832689795324e+00 9.482495775380438419e-01
1.005989181391365506e+00 1.024672546607616308e+00 9.799101096166177305e-01
9.622878181249571172e-01 9.729825016396699278e-01 1.048858472867041813e+00
1.155190493531372820e+00 1.063572127422353075e+00 1.112757819753855681e+00
1.039990260285333479e+00 1.064216303679154985e+00 9.588887311261699020e-01
1.122780651083692849e+00 9.951341470745539430e-01 1.045420336956827789e+00
9.835901496886686468e-01 1.079330133408633152e+00 1.104718003418122318e+00
8.945711106938976087e-01 9.772451920728200125e-01 1.068185650430817146e+00
1.038120098670209934e+00 9.906234740570650787e-01 9.300536661739192690e-01
8.515588158919290551e-01 8.753900989427861878e-01 9.880982737448837927e-01
1.023990179141990087e+00 1.050398942705904393e+00 9.967352673446017164e-01
9.585515071255314989e-01 1.065915179900615906e+00 1.014134818003171068e+00
1.092529916447564808e+00 9.947448410899168980e-01 1.072078441731752596e+00
1.093146151272234468e+00 1.014615844977934112e+00 9.545896106950085835e-01
1.021282470063415326e+00 8.801385529775399563e-01 1.078160208516264262e+00
9.188207533989504183e-01 1.061294868991357054e+00 1.115263229683385093e+00
9.452065456001124133e-01 9.118630108372368648e-01 8.838270733285120695e-01
1.036481822262368180e+00 1.024699705231609359e+00 9.970958451849391002e-01
9.731035828344328786e-01 1.046805339004077240e+00 9.136462006908062650e-01
1.152669722781294981e+00 1.003363750994650250e+00 1.242083946870469413e+00
9.514323675592800678e-01 1.065959439841344336e+00 9.545333148940765566e-01
8.957136382401286179e-01 8.898827022354425242e-01 1.117371454231142591e+00
9.564363691882450391e-01 9.698405055469891956e-01 9.156341975066453198e-01
1.132299714096494325e+00 1.028382759668952540e+00 1.124971446560761423e+00
9.830062706909137304e-01 1.006952020152991567e+00 1.036151262920680383e+00
1.020730969977148739e+00 1.068419715429867578e+00 9.694595456985604098e-01
8.415897469993227631e-01 9.191116907591372343e-01 1.047685536467880985e+00
1.018219683479377968e+00 9.023177216514504106e-01 9.442202595393403008e-01
9.512423849133316844e-01 9.190025427239615352e-01 1.075008861079215450e+00
9.940161695440926648e-01 9.863861725844751405e-01 9.491327035402306045e-01
9.331296884267529235e-01 1.180902811190606361e+00 9.123991119509736736e-01
9.206522471505195204e-01 1.011911999425201270e+00 9.315043140658603171e-01
1.066259371408533996e+00 9.477083452572895306e-01 9.598727714293247004e-01
1.048665186268181504e+00 9.506225129414705988e-01 9.919603816200539548e-01
1.060565733774953001e+00 8.724344541329184244e-01 8.328817174205456197e-01
1.065086040465536898e+00 1.042170493588491009e+00 1.034307114296834751e+00
1.027775954367453615e+00 9.774930062047985091e-01 1.023793955898593566e+00
1.014600674376063605e+00 1.130966900051041168e+00 1.099133346093116970e+00
9.733843337727139389e-01 9.794674092505858409e-01 9.524870616021816616e-01
8.894139058651668872e-01 9.473894320952095383e-01 1.119145348835993703e+00
1.062606123573704542e+00 9.984465685351587849e-01 9.644630339677103814e-01
1.005831429185690684e+00 9.662777870683888493e-01 9.814881519879088412e-01
1.060997276948928869e+00 1.149032735715454390e+00 1.001803210401552846e+00
1.057213355425934642e+00 8.958536943928882001e-01 9.174671674966159429e-01
9.007262217670496396e-01 1.128700526781992952e+00 1.035150761994968249e+00
1.105264638780104391e+00 1.070273671708987129e+00 1.033751061351208422e+00
1.105000640866764972e+00 9.617029667650637270e-01 9.687359921468533530e-01
1.047443280842947244e+00 9.792959537031541428e-01 1.096088445388959887e+00
1.021841706500701719e+00 9.856693784431093119e-01 1.007193021347912554e+00
9.300909114149438217e-01 1.031310968073781975e+00 1.041141608786108508e+00
1.132821131683157123e+00 1.042853234594118161e+00 9.076055293361797727e-01
1.053760304182053353e+00 9.577656644175684963e-01 1.172597410235891147e+00
9.386248127446266132e-01 1.030593001447756007e+00 1.150736916328351400e+00
9.848851635457839260e-01 8.142073237749272163e-01 9.806082492632580694e-01
1.026136539256054636e+00 9.061031909309130716e-01 8.653574327259984100e-01
1.047746229258456507e+00 9.336165797915308984e-01 9.398839983433893153e-01
1.071631674407945045e+00 1.062793227298477916e+00 9.405720132413175616e-01
9.152079494557916473e-01 1.121966189369213440e+00 1.160759964772477115e+00
9.592861269862451579e-01 1.038625705197222082e+00 1.014677768700086968e+00
9.808762029534621174e-01 9.848448979572637096e-01 9.957592099025884824e-01
9.367744710952976561e-01 9.151827959208048702e-01 9.742902964241262342e-01
1.169037249236300813e+00 9.699513088790358006e-01 1.121914738487810537e+00
1.082429016750629858e+00 9.558600998682303951e-01 1.072852479419547533e+00
8.831795981831633835e-01 1.286234020777615061e+00 1.068739381261168075e+00
9.271883826306971388e-01 1.018401979620955800e+00 1.190133648741754424e+00
9.813181306997489362e-01 9.617979653827568587e-01 1.071453078884265109e+00
9.447839624435516725e-01 9.575811554527184910e-01 1.116938654284767019e+00
1.082739025569756208e+00 9.337243367131053962e-01 1.092184026281634024e+00
1.013343550681359728e+00 9.743707134160550787e-01 9.985748465122460393e-01
9.210289009339228672e-01 1.069992528676336319e+00 9.381946484603390646e-01
1.021746867160101768e+00 1.092488846615317533e+00 9.418111859836388877e-01
9.636154796329118311e-01 9.590458705616435875e-01 1.019918573703921583e+00
9.519235447909889514e-01 9.751780507757888961e-01 9.590792749286610741e-01
9.712365406395161438e-01 1.039507031276983406e+00 1.020107943737863287e+00
9.954613578886468694e-01 1.024095314513947752e+00 1.097696173036076361e+00
1.075360438914660266e+00 9.883737618907472156e-01 1.050624091569564822e+00
8.918476080375882242e-01 8.251497582026023903e-01 1.007787372077071364e+00
1.037593474028277063e+00 9.351845582467555040e-01 1.025132794927223312e+00
1.018081086201267249e+00 9.698508509401393418e-01 9.633655109957224294e-01
8.637063350172389242e-01 1.138947432541525639e+00 1.055828205774665074e+00
9.466288313690066625e-01 1.133146806010773444e+00 1.065283683810955173e+00
9.706690735806976500e-01 9.111828399723553851e-01 8.779618491189321583e-01
1.098302720638310914e+00 8.916355616489847202e-01 1.029440762042665769e+00
9.035286300939614490e-01 1.048157491661699359e+00 9.802414346440634363e-01
1.085530420069737545e+00 8.896975065947180239e-01 9.876442818048968286e-01
1.156144567479137075e+00 9.997477800274838788e-01 9.734555941513648447e-01
9.973059971194268014e-01 9.544706441966295252e-01 1.027193902948728699e+00
9.196225310437484701e-01 9.819093709476468534e-01 1.080274409802071789e+00
9.181993188681331075e-01 9.104201636162656541e-01 1.005582895812077160e+00
1.191656853909691893e+00 1.082787983186870973e+00 9.966243533988418113e-01
9.755908904833648920e-01 8.475069999842645974e-01 9.681402070600828580e-01
9.150324938182556878e-01 1.148930380975855536e+00 9.730677428128347017e-01
9.938414767777555836e-01 9.478414943996171793e-01 9.885237715539362258e-01
9.854376285801021984e-01 9.646744683249371954e-01 1.060744811608300253e+00
1.024761802721057657e+00 1.077900861814865996e+00 9.334214268657413660e-01
1.098081860165516010e+00 1.150342169186368446e+00 9.879635425479572630e-01
1.092709830651443115e+00 1.192262804563504419e+00 1.139312703669502547e+00
9.297351177476422812e-01 1.011601565350978005e+00 1.133748237878696274e+00
9.990500100793461291e-01 1.201122539318499438e+00 8.795160256549647837e-01
1.052366031981222250e+00 9.275450512688228066e-01 1.060644399060246768e+00
9.116133050564902973e-01 1.046903445428244650e+00 1.034575756059124885e+00
8.980519270404079268e-01 1.039825235328114994e+00 9.868830511858378562e-01
1.044054660331210638e+00 9.735829534929493212e-01 9.834167859553801794e-01
9.205268289076140587e-01 1.077643069598505310e+00 1.005439431005898054e+00
1.119627363769981176e+00 1.076650337429798654e+00 1.036004870167823277e+00
9.640315472609500835e-01 9.804038579003171439e-01 1.015507595275650488e+00
9.565640216018785891e-01 1.015436241794354322e+00 1.162350224656906850e+00
1.034383909719820194e+00 1.078344154566983182e+00 1.070351354006776834e+00
9.379938146722461845e-01 1.060995410469548705e+00 1.037588055263225284e+00
1.026950387386486696e+00 9.337116342502150834e-01 8.955263286830135172e-01
1.171343762717689918e+00 1.005396530109503361e+00 1.155912101657092794e+00
1.037700856758630996e+00 1.022905257825805103e+00 9.431649514262034906e-01
9.942675371819736929e-01 1.083099149114925108e+00 1.099474351803039207e+00
9.579609285263185336e-01 9.305562478943805171e-01 1.068528973802904236e+00
1.092295816927936869e+00 9.905339646360429295e-01 9.759502223675112775e-01
9.390545413725891466e-01 1.136577890613469588e+00 1.042907806527026526e+00
9.093335906285416881e-01 1.230253901597565536e+00 9.576845597825078826e-01
1.035902924377316126e+00 1.055867001524343873e+00 8.542023698513929730e-01
9.778859369181052141e-01 1.071420880402075948e+00 1.025968738834778016e+00
8.452342214061250303e-01 9.660233852775985675e-01 9.845999944281322858e-01
1.034348580045239219e+00 1.061733379090737728e+00 1.014694673425523774e+00
9.675101476114532639e-01 8.481481866057787311e-01 9.068846145309288342e-01
1.057478926146100395e+00 9.095894718217787389e-01 1.076981036626071475e+00
9.843891596244287445e-01 9.264275012124393305e-01 1.155324880568704859e+00
9.050676400561363799e-01 1.052676439793807539e+00 1.123159493443063095e+00
1.040417139367493471e+00 9.645207755348593759e-01 1.042720370398285468e+00
8.786024794470611576e-01 1.003906279150086789e+00 1.035815176963343687e+00
7.897659103090659549e-01 9.730125822359109167e-01 1.018329056912391506e+00
9.585561481702796760e-01 8.713210829015464176e-01 9.082137045119306196e-01
1.182461909229706176e+00 1.045918709000417612e+00 9.814985702073972806e-01
8.451741846012641446e-01 1.131474956442169999e+00 9.601880539323878194e-01
1.052804302234185529e+00 9.385147187594456986e-01 1.030904614554728704e+00
1.111640582187850557e+00 1.052277472285560345e+00 9.639254204636884538e-01
1.011232503958332973e+00 1.046210132347189958e+00 9.960038810494104000e-01
9.799881093259614762e-01 8.925198060692915991e-01 9.077170737702768832e-01
1.065367755247178971e+00 9.714128967647117641e-01 9.921370613779701975e-01
1.001923266104119303e+00 1.119760826432559586e+00 9.341142289521643383e-01
9.684425373990481756e-01 9.409413336820604545e-01 1.080707029039913225e+00
1.072446431306132375e+00 1.181740288535340966e+00 1.114119345728083132e+00
1.093000082926531391e+00 9.565942366132008656e-01 9.177255034589780758e-01
1.088058000528088209e+00 9.683460562861164744e-01 1.195395166796164199e+00
9.362447790188596075e-01 9.122402168018574065e-01 9.977205329065966799e-01
9.867158962601366712e-01 1.118403783346086922e+00 1.012125912602728883e+00
1.043416329417932387e+00 9.875996645109029748e-01 1.139329051712624441e+00
9.383704450263770092e-01 9.925291287630111370e-01 9.276684217967590129e-01
9.380433988568412929e-01 1.050105815567445422e+00 9.644790951405137758e-01
1.023535788725641327e+00 1.118730634755856768e+00 1.004643390055788732e+00
8.711797861299150902e-01 9.013788370992499299e-01 1.022619229459673207e+00
1.060902684135450524e+00 9.204097827160627743e-01 9.401390706290372323e-01
1.019130690894575419e+00 1.131155843846774367e+00 1.019097759643046830e+00
1.027115044570038105e+00 9.703244176636731666e-01 1.081593021075139438e+00
9.813849161842060909e-01 9.772884824800482928e-01 1.090846826694124028e+00
9.716005493815136340e-01 1.014851161951620506e+00 1.078334196004990364e+00
9.685263321543046144e-01 1.195261324400843872e+00 1.038364412936115144e+00
9.110319572915105413e-01 1.190026258613864574e+00 9.679515588529511438e-01
1.029722463242449093e+00 1.085757445036193980e+00 9.725029617446464547e-01
1.039770528621222878e+00 1.082751568917171614e+00 1.008551203654527439e+00
8.780830130321585214e-01 1.116069502519556167e+00 1.077061345724958263e+00
8.777709825370589858e-01 9.853434193416079623e-01 1.018038271424798635e+00
9.359195112758749158e-01 9.309776119139404615e-01 9.657108143559606228e-01
9.194564165569460990e-01 9.324658469156493767e-01 1.089354791224350416e+00
1.071722598334150733e+00 1.064823940607835695e+00 9.191600153707739640e-01
9.546476396255166863e-01 9.853172069067467342e-01 1.078175350082673623e+00
1.017954389615148836e+00 1.082938557989200579e+00 1.008133441798803487e+00
9.714243291540811676e-01 9.693694761124508341e-01 9.675968118908211402e-01
1.070142182626610428e+00 9.322391266218794659e-01 1.046405506616670422e+00
1.040210118032766529e+00 1.052675891601180025e+00 9.100463243611089936e-01
9.212122665587970660e-01 1.031567310183861164e+00 8.877320776716871586e-01
9.577405404068998207e-01 8.177256305052689189e-01 1.002459163414118670e+00
9.541081618551342514e-01 1.012538208720243027e+00 1.054790172745075250e+00
9.918330564900343926e-01 9.598600472244945836e-01 9.332522696540237472e-01
1.064215008305180676e+00 8.847132449926951026e-01 1.025360250348162028e+00
9.723133530541215874e-01 1.020270313089928438e+00 1.056804776666596002e+00
1.101706128552186970e+00 9.877597759825352819e-01 1.016261681795100458e+00
9.676527684652911354e-01 1.151921195821858701e+00 9.984440451316601850e-01
1.041294170174596134e+00 1.111551784135363707e+00 1.101515341061310327e+00
9.575184917334722545e-01 1.076558970206012544e+00 8.906920503380350018e-01
8.931964915655498105e-01 9.924539249770507610e-01 1.012208393085731961e+00
1.066068227956880943e+00 9.770782600968275222e-01 1.046254792311670068e+00
9.644070935503120667e-01 1.096346754157541570e+00 1.072290514644663517e+00
9.378718918401998117e-01 1.046687488543899036e+00 8.865367774469907758e-01
8.266040311748870106e-01 9.945147531563689469e-01 9.913580912257747846e-01
1.075996052585083795e+00 1.086149103521945269e+00 1.064898587744443015e+00
8.656688835208439237e-01 1.040794129258068246e+00 9.496287457897358841e-01
9.286756932153765742e-01 1.092754328540257891e+00 9.926289398412084797e-01
1.043160484606215466e+00 8.795506065617575420e-01 1.037863754060935229e+00
1.067165757316510533e+00 1.040631674565736908e+00 1.089895557836016327e+00
1.014602064532005965e+00 9.628740716195607341e-01 9.445736974522099816e-01
8.855222619698253084e-01 1.056233743293327754e+00 1.068999247571658096e+00
9.926004731374167278e-01 1.021501441990477765e+00 1.068401920917718240e+00
9.698218352204225345e-01 1.035922293747656875e+00 9.860921158771717154e-01
1.040276691829742806e+00 1.045617758088773330e+00 9.725219599215887412e-01
9.571745821106881769e-01 9.367910210167860185e-01 1.029652752739099508e+00
1.061193679897882713e+00 8.446196256247502365e-01 9.633783706612241149e-01
1.042441121627348366e+00 9.522006053912105417e-01 1.137888653769913994e+00
1.108462237714041621e+00 9.057573558360894062e-01 9.896190000609551563e-01
1.098730361312092896e+00 1.021485416152281944e+00 9.546645712531106609e-01
